Time	T° Read:600	A1	A2	A3	A4	A5	A6	A7	A8	A9	A10	A11	A12	B1	B2	B3	B4	B5	B6	B7	B8	B9	B10	B11	B12	C1	C2	C3	C4	C5	C6	C7	C8	C9	C10	C11	C12	D1	D2	D3	D4	D5	D6	D7	D8	D9	D10	D11	D12	E1	E2	E3	E4	E5	E6	E7	E8	E9	E10	E11	E12	F1	F2	F3	F4	F5	F6	F7	F8	F9	F10	F11	F12	G1	G2	G3	G4	G5	G6	G7	G8	G9	G10	G11	G12	H1	H2	H3	H4	H5	H6	H7	H8	H9	H10	H11	H12
0:00:03	23.3	0.111	0.111	0.112	0.111	0.112	0.112	0.112	0.111	0.111	0.112	0.092	0.121	0.112	0.113	0.112	0.112	0.112	0.113	0.112	0.113	0.112	0.113	0.093	0.122	0.112	0.111	0.112	0.112	0.112	0.112	0.112	0.112	0.112	0.113	0.093	0.122	0.112	0.111	0.112	0.112	0.111	0.112	0.112	0.111	0.112	0.113	0.093	0.123	0.112	0.112	0.112	0.113	0.112	0.112	0.112	0.112	0.112	0.114	0.092	0.121	0.112	0.113	0.113	0.112	0.112	0.112	0.112	0.112	0.112	0.114	0.093	0.122	0.112	0.112	0.113	0.113	0.113	0.112	0.089	0.090	0.089	0.099	0.102	0.100	0.112	0.114	0.114	0.114	0.112	0.113	0.089	0.089	0.090	0.101	0.100	0.100
0:15:02	23.4	0.111	0.110	0.111	0.110	0.112	0.111	0.111	0.110	0.111	0.111	0.092	0.123	0.111	0.114	0.111	0.112	0.111	0.112	0.111	0.113	0.111	0.113	0.092	0.125	0.112	0.111	0.112	0.112	0.112	0.112	0.111	0.112	0.112	0.113	0.093	0.123	0.111	0.111	0.111	0.111	0.111	0.111	0.112	0.110	0.112	0.112	0.093	0.125	0.111	0.111	0.112	0.112	0.112	0.112	0.111	0.112	0.111	0.113	0.092	0.123	0.111	0.112	0.113	0.112	0.112	0.112	0.112	0.111	0.112	0.113	0.093	0.123	0.111	0.111	0.113	0.112	0.112	0.112	0.089	0.089	0.089	0.099	0.101	0.099	0.112	0.114	0.113	0.113	0.112	0.113	0.089	0.089	0.090	0.100	0.100	0.100
0:30:02	23.5	0.111	0.118	0.118	0.116	0.115	0.114	0.116	0.114	0.114	0.117	0.092	0.129	0.123	0.129	0.126	0.125	0.122	0.124	0.123	0.122	0.122	0.123	0.097	0.131	0.118	0.124	0.122	0.123	0.120	0.121	0.119	0.120	0.121	0.124	0.099	0.130	0.119	0.127	0.124	0.123	0.120	0.120	0.119	0.118	0.121	0.122	0.098	0.132	0.118	0.127	0.124	0.126	0.122	0.122	0.121	0.120	0.121	0.125	0.098	0.128	0.124	0.129	0.127	0.124	0.123	0.122	0.122	0.119	0.120	0.127	0.100	0.131	0.130	0.130	0.128	0.127	0.126	0.123	0.089	0.089	0.089	0.107	0.117	0.104	0.116	0.123	0.116	0.115	0.114	0.113	0.089	0.089	0.090	0.101	0.100	0.100
0:45:02	23.6	0.114	0.121	0.122	0.121	0.122	0.122	0.124	0.123	0.123	0.128	0.100	0.141	0.127	0.133	0.132	0.131	0.130	0.131	0.130	0.130	0.130	0.132	0.110	0.146	0.124	0.130	0.130	0.133	0.131	0.129	0.128	0.129	0.132	0.136	0.112	0.150	0.129	0.135	0.133	0.134	0.131	0.130	0.130	0.130	0.132	0.135	0.112	0.150	0.129	0.135	0.134	0.136	0.134	0.135	0.131	0.134	0.134	0.140	0.112	0.147	0.136	0.138	0.142	0.138	0.135	0.137	0.137	0.135	0.134	0.141	0.113	0.154	0.141	0.140	0.140	0.141	0.138	0.139	0.089	0.089	0.089	0.119	0.128	0.117	0.134	0.140	0.130	0.130	0.129	0.123	0.089	0.089	0.090	0.101	0.107	0.100
1:00:02	23.7	0.115	0.122	0.122	0.119	0.120	0.119	0.121	0.120	0.120	0.125	0.096	0.154	0.128	0.134	0.131	0.130	0.130	0.130	0.129	0.129	0.129	0.130	0.107	0.158	0.126	0.131	0.131	0.132	0.129	0.128	0.128	0.130	0.131	0.134	0.109	0.163	0.129	0.137	0.134	0.135	0.131	0.131	0.131	0.130	0.132	0.133	0.110	0.164	0.131	0.137	0.134	0.138	0.135	0.135	0.132	0.135	0.134	0.137	0.111	0.157	0.138	0.140	0.143	0.138	0.136	0.138	0.138	0.134	0.134	0.138	0.112	0.162	0.142	0.143	0.143	0.144	0.139	0.139	0.089	0.089	0.089	0.118	0.126	0.117	0.134	0.141	0.133	0.134	0.131	0.125	0.089	0.089	0.090	0.101	0.109	0.100
1:15:02	23.7	0.113	0.121	0.122	0.120	0.121	0.122	0.124	0.122	0.122	0.127	0.101	0.175	0.127	0.135	0.132	0.132	0.131	0.133	0.131	0.131	0.130	0.132	0.111	0.180	0.126	0.132	0.132	0.134	0.133	0.132	0.131	0.133	0.134	0.136	0.114	0.183	0.130	0.138	0.137	0.137	0.133	0.133	0.134	0.133	0.135	0.137	0.116	0.186	0.131	0.138	0.138	0.141	0.136	0.139	0.136	0.138	0.138	0.141	0.116	0.178	0.138	0.141	0.146	0.142	0.138	0.141	0.141	0.138	0.137	0.142	0.118	0.184	0.142	0.145	0.145	0.146	0.142	0.142	0.089	0.089	0.089	0.122	0.129	0.121	0.133	0.141	0.134	0.135	0.134	0.130	0.089	0.089	0.090	0.102	0.114	0.102
1:30:02	23.8	0.115	0.123	0.123	0.121	0.122	0.122	0.124	0.123	0.123	0.127	0.103	0.195	0.129	0.137	0.134	0.132	0.132	0.133	0.133	0.133	0.131	0.131	0.113	0.203	0.128	0.133	0.133	0.136	0.135	0.133	0.132	0.133	0.135	0.137	0.118	0.204	0.133	0.140	0.138	0.138	0.136	0.135	0.135	0.133	0.136	0.136	0.121	0.207	0.134	0.142	0.139	0.142	0.139	0.141	0.137	0.138	0.137	0.139	0.120	0.192	0.141	0.143	0.148	0.143	0.140	0.143	0.143	0.139	0.138	0.142	0.121	0.199	0.145	0.147	0.147	0.148	0.145	0.145	0.089	0.089	0.089	0.122	0.128	0.121	0.136	0.144	0.136	0.137	0.135	0.132	0.089	0.089	0.090	0.103	0.114	0.103
1:45:02	23.8	0.115	0.121	0.121	0.120	0.123	0.123	0.125	0.124	0.123	0.129	0.113	0.227	0.130	0.136	0.133	0.132	0.133	0.134	0.134	0.134	0.132	0.134	0.121	0.233	0.128	0.131	0.132	0.135	0.135	0.134	0.133	0.135	0.136	0.139	0.128	0.238	0.132	0.138	0.137	0.138	0.136	0.136	0.136	0.136	0.138	0.139	0.132	0.242	0.133	0.141	0.138	0.142	0.140	0.141	0.136	0.140	0.139	0.142	0.129	0.214	0.140	0.143	0.146	0.142	0.140	0.143	0.143	0.139	0.138	0.145	0.131	0.219	0.142	0.146	0.147	0.149	0.146	0.145	0.099	0.089	0.090	0.123	0.130	0.120	0.135	0.143	0.135	0.139	0.136	0.133	0.089	0.089	0.090	0.103	0.115	0.103
2:00:02	23.8	0.115	0.124	0.122	0.120	0.123	0.123	0.125	0.124	0.125	0.129	0.121	0.266	0.130	0.135	0.133	0.132	0.133	0.135	0.133	0.134	0.132	0.133	0.127	0.273	0.129	0.133	0.132	0.135	0.136	0.134	0.132	0.134	0.136	0.139	0.138	0.281	0.131	0.140	0.137	0.136	0.135	0.136	0.137	0.134	0.137	0.138	0.145	0.285	0.133	0.139	0.138	0.140	0.138	0.141	0.136	0.138	0.138	0.141	0.137	0.244	0.141	0.143	0.146	0.142	0.139	0.144	0.141	0.138	0.139	0.140	0.140	0.247	0.143	0.146	0.147	0.147	0.142	0.142	0.101	0.089	0.096	0.121	0.129	0.122	0.133	0.143	0.134	0.137	0.135	0.130	0.089	0.089	0.090	0.102	0.114	0.103
2:15:02	23.8	0.115	0.124	0.123	0.122	0.127	0.126	0.128	0.128	0.129	0.133	0.140	0.312	0.130	0.136	0.135	0.133	0.136	0.136	0.136	0.137	0.137	0.138	0.144	0.321	0.128	0.133	0.134	0.136	0.139	0.138	0.136	0.139	0.141	0.144	0.157	0.332	0.130	0.139	0.138	0.138	0.140	0.139	0.140	0.139	0.141	0.144	0.164	0.335	0.131	0.141	0.139	0.143	0.142	0.141	0.139	0.140	0.140	0.143	0.152	0.288	0.139	0.142	0.147	0.144	0.143	0.145	0.142	0.141	0.141	0.146	0.159	0.290	0.142	0.145	0.145	0.149	0.145	0.144	0.104	0.089	0.089	0.125	0.132	0.122	0.135	0.146	0.137	0.139	0.137	0.133	0.089	0.088	0.090	0.105	0.117	0.103
2:30:02	23.9	0.117	0.123	0.122	0.121	0.129	0.128	0.131	0.129	0.129	0.134	0.155	0.355	0.130	0.138	0.134	0.133	0.138	0.139	0.139	0.140	0.138	0.140	0.160	0.360	0.129	0.133	0.134	0.136	0.143	0.142	0.139	0.141	0.143	0.146	0.172	0.378	0.133	0.140	0.139	0.139	0.143	0.142	0.143	0.141	0.145	0.146	0.182	0.385	0.134	0.141	0.138	0.143	0.143	0.143	0.138	0.142	0.141	0.145	0.167	0.331	0.141	0.144	0.147	0.143	0.143	0.146	0.144	0.143	0.142	0.148	0.178	0.336	0.144	0.147	0.148	0.148	0.145	0.143	0.110	0.089	0.107	0.126	0.134	0.122	0.137	0.146	0.137	0.138	0.136	0.131	0.089	0.089	0.090	0.105	0.118	0.105
2:45:02	23.9	0.115	0.124	0.123	0.122	0.134	0.133	0.134	0.133	0.134	0.137	0.173	0.408	0.130	0.136	0.135	0.133	0.139	0.139	0.144	0.144	0.142	0.143	0.179	0.423	0.128	0.133	0.134	0.136	0.147	0.147	0.143	0.146	0.147	0.151	0.185	0.440	0.133	0.141	0.140	0.139	0.147	0.145	0.149	0.146	0.149	0.151	0.197	0.450	0.133	0.142	0.139	0.144	0.144	0.145	0.141	0.144	0.143	0.146	0.181	0.380	0.141	0.145	0.148	0.144	0.145	0.148	0.147	0.147	0.145	0.149	0.197	0.382	0.142	0.146	0.147	0.149	0.146	0.144	0.101	0.089	0.096	0.128	0.136	0.123	0.135	0.144	0.135	0.136	0.135	0.131	0.089	0.088	0.090	0.109	0.123	0.107
3:00:02	23.9	0.115	0.123	0.121	0.122	0.142	0.141	0.143	0.142	0.143	0.147	0.204	0.461	0.131	0.136	0.135	0.133	0.142	0.142	0.152	0.153	0.150	0.150	0.203	0.502	0.128	0.132	0.134	0.138	0.157	0.157	0.152	0.155	0.156	0.159	0.208	0.509	0.132	0.141	0.138	0.138	0.150	0.149	0.161	0.153	0.157	0.158	0.225	0.524	0.131	0.140	0.138	0.142	0.147	0.149	0.145	0.146	0.147	0.149	0.208	0.435	0.141	0.144	0.145	0.143	0.149	0.152	0.150	0.149	0.148	0.150	0.229	0.428	0.142	0.146	0.144	0.147	0.143	0.143	0.101	0.089	0.089	0.131	0.140	0.124	0.135	0.144	0.137	0.138	0.136	0.131	0.089	0.089	0.090	0.112	0.126	0.110
3:15:02	23.9	0.115	0.123	0.121	0.122	0.151	0.150	0.151	0.150	0.151	0.155	0.222	0.518	0.131	0.138	0.134	0.133	0.141	0.140	0.162	0.163	0.159	0.159	0.222	0.584	0.129	0.132	0.134	0.138	0.172	0.170	0.163	0.166	0.167	0.172	0.226	0.592	0.136	0.141	0.139	0.140	0.154	0.150	0.175	0.165	0.169	0.172	0.242	0.617	0.135	0.141	0.138	0.144	0.152	0.153	0.148	0.150	0.149	0.154	0.221	0.499	0.142	0.144	0.148	0.143	0.151	0.155	0.155	0.156	0.152	0.158	0.242	0.488	0.142	0.146	0.148	0.149	0.145	0.143	0.104	0.089	0.094	0.136	0.149	0.132	0.135	0.145	0.136	0.137	0.135	0.131	0.089	0.089	0.090	0.118	0.138	0.118
3:30:01	24.0	0.115	0.123	0.122	0.125	0.170	0.168	0.167	0.166	0.167	0.168	0.255	0.579	0.131	0.138	0.136	0.135	0.141	0.139	0.175	0.178	0.174	0.173	0.254	0.676	0.128	0.132	0.134	0.141	0.189	0.188	0.182	0.183	0.184	0.188	0.262	0.678	0.134	0.141	0.140	0.142	0.153	0.150	0.190	0.179	0.183	0.188	0.281	0.695	0.133	0.141	0.138	0.145	0.160	0.162	0.155	0.156	0.155	0.162	0.240	0.566	0.143	0.145	0.149	0.144	0.159	0.164	0.163	0.164	0.160	0.165	0.264	0.544	0.143	0.147	0.148	0.148	0.145	0.143	0.098	0.089	0.089	0.143	0.160	0.134	0.135	0.145	0.136	0.137	0.134	0.128	0.089	0.088	0.090	0.125	0.149	0.124
3:45:02	24.0	0.113	0.121	0.121	0.128	0.186	0.183	0.183	0.183	0.186	0.189	0.300	0.634	0.130	0.137	0.134	0.134	0.136	0.136	0.188	0.195	0.192	0.191	0.294	0.731	0.128	0.132	0.133	0.144	0.207	0.207	0.202	0.203	0.203	0.209	0.307	0.781	0.133	0.143	0.140	0.141	0.146	0.145	0.211	0.194	0.201	0.208	0.335	0.759	0.132	0.139	0.140	0.145	0.170	0.176	0.166	0.168	0.167	0.177	0.269	0.630	0.144	0.146	0.150	0.147	0.169	0.175	0.176	0.179	0.172	0.178	0.297	0.606	0.144	0.147	0.146	0.147	0.144	0.143	0.105	0.089	0.091	0.155	0.178	0.147	0.136	0.146	0.136	0.137	0.134	0.130	0.089	0.089	0.090	0.138	0.170	0.141
4:00:02	24.0	0.116	0.122	0.122	0.131	0.204	0.202	0.203	0.200	0.204	0.205	0.330	0.690	0.133	0.138	0.135	0.135	0.135	0.133	0.221	0.215	0.211	0.211	0.339	0.783	0.130	0.134	0.134	0.150	0.233	0.231	0.231	0.227	0.226	0.234	0.346	0.841	0.136	0.143	0.142	0.146	0.140	0.139	0.241	0.217	0.223	0.234	0.379	0.800	0.134	0.141	0.139	0.148	0.186	0.190	0.182	0.182	0.179	0.192	0.302	0.657	0.147	0.149	0.153	0.147	0.181	0.192	0.192	0.196	0.188	0.196	0.333	0.653	0.143	0.148	0.149	0.149	0.146	0.142	0.101	0.089	0.096	0.171	0.198	0.157	0.135	0.146	0.137	0.136	0.135	0.130	0.089	0.089	0.090	0.155	0.188	0.158
4:15:02	24.0	0.115	0.124	0.122	0.139	0.238	0.234	0.233	0.231	0.235	0.235	0.378	0.744	0.133	0.138	0.137	0.136	0.134	0.134	0.257	0.254	0.244	0.245	0.397	0.790	0.130	0.133	0.135	0.161	0.270	0.279	0.272	0.265	0.260	0.277	0.402	0.859	0.137	0.145	0.142	0.146	0.139	0.138	0.288	0.249	0.257	0.277	0.440	0.842	0.132	0.143	0.141	0.151	0.200	0.207	0.198	0.197	0.194	0.208	0.349	0.704	0.148	0.151	0.157	0.150	0.197	0.207	0.208	0.214	0.205	0.212	0.378	0.684	0.141	0.147	0.147	0.150	0.144	0.142	0.103	0.089	0.093	0.194	0.223	0.178	0.136	0.147	0.137	0.137	0.134	0.130	0.089	0.088	0.090	0.182	0.222	0.187
4:30:02	24.0	0.114	0.123	0.123	0.149	0.282	0.278	0.276	0.272	0.277	0.277	0.431	0.786	0.132	0.139	0.136	0.138	0.134	0.134	0.303	0.300	0.289	0.291	0.460	0.807	0.127	0.133	0.134	0.175	0.311	0.329	0.326	0.322	0.307	0.333	0.460	0.857	0.134	0.144	0.142	0.145	0.138	0.137	0.348	0.294	0.307	0.343	0.499	0.867	0.132	0.139	0.140	0.156	0.217	0.229	0.216	0.220	0.214	0.235	0.398	0.724	0.154	0.155	0.160	0.153	0.216	0.225	0.237	0.240	0.231	0.234	0.422	0.719	0.142	0.147	0.149	0.147	0.144	0.143	0.102	0.089	0.089	0.224	0.250	0.204	0.135	0.146	0.137	0.138	0.136	0.132	0.089	0.089	0.090	0.210	0.248	0.223
4:45:02	24.1	0.115	0.123	0.122	0.164	0.314	0.313	0.314	0.308	0.313	0.321	0.501	0.812	0.133	0.139	0.136	0.137	0.133	0.134	0.348	0.344	0.332	0.332	0.545	0.814	0.128	0.133	0.133	0.189	0.348	0.368	0.379	0.370	0.357	0.393	0.530	0.862	0.135	0.144	0.141	0.145	0.136	0.136	0.414	0.335	0.350	0.407	0.569	0.877	0.134	0.139	0.139	0.162	0.244	0.260	0.243	0.253	0.241	0.277	0.458	0.748	0.164	0.161	0.166	0.157	0.240	0.251	0.271	0.275	0.265	0.265	0.477	0.739	0.144	0.148	0.148	0.146	0.144	0.142	0.109	0.089	0.105	0.267	0.282	0.240	0.136	0.146	0.136	0.138	0.135	0.131	0.089	0.089	0.090	0.247	0.275	0.271
5:00:02	24.1	0.113	0.123	0.122	0.179	0.354	0.349	0.351	0.344	0.348	0.356	0.599	0.831	0.132	0.139	0.137	0.136	0.133	0.134	0.388	0.387	0.377	0.373	0.644	0.814	0.128	0.133	0.134	0.208	0.389	0.406	0.430	0.421	0.407	0.447	0.611	0.871	0.133	0.143	0.141	0.141	0.138	0.137	0.512	0.373	0.390	0.477	0.646	0.879	0.132	0.139	0.139	0.171	0.283	0.306	0.281	0.297	0.278	0.338	0.537	0.755	0.174	0.168	0.176	0.166	0.276	0.293	0.323	0.322	0.310	0.305	0.567	0.744	0.143	0.147	0.149	0.146	0.144	0.143	0.099	0.089	0.089	0.330	0.326	0.283	0.135	0.146	0.138	0.137	0.135	0.131	0.089	0.089	0.090	0.301	0.317	0.332
5:15:02	24.1	0.116	0.125	0.122	0.199	0.397	0.391	0.395	0.384	0.389	0.396	0.699	0.852	0.135	0.141	0.138	0.136	0.132	0.133	0.443	0.439	0.424	0.421	0.739	0.824	0.131	0.134	0.135	0.233	0.435	0.461	0.479	0.479	0.455	0.516	0.716	0.873	0.136	0.143	0.142	0.140	0.136	0.136	0.596	0.426	0.440	0.549	0.752	0.894	0.134	0.140	0.140	0.186	0.329	0.357	0.324	0.350	0.330	0.404	0.650	0.762	0.194	0.183	0.191	0.177	0.321	0.351	0.387	0.373	0.360	0.348	0.687	0.749	0.143	0.149	0.146	0.146	0.143	0.142	0.093	0.089	0.089	0.390	0.380	0.337	0.139	0.146	0.137	0.139	0.137	0.132	0.089	0.089	0.090	0.361	0.363	0.399
5:30:02	24.1	0.114	0.124	0.123	0.231	0.445	0.438	0.443	0.432	0.438	0.447	0.726	0.867	0.134	0.141	0.140	0.136	0.134	0.134	0.501	0.492	0.473	0.486	0.739	0.837	0.129	0.134	0.136	0.274	0.485	0.524	0.537	0.539	0.520	0.606	0.763	0.886	0.135	0.143	0.140	0.142	0.139	0.137	0.683	0.493	0.502	0.624	0.795	0.902	0.133	0.143	0.139	0.202	0.371	0.408	0.369	0.414	0.390	0.476	0.727	0.775	0.211	0.200	0.209	0.195	0.366	0.406	0.451	0.430	0.413	0.392	0.767	0.760	0.143	0.148	0.146	0.148	0.145	0.143	0.098	0.089	0.089	0.471	0.432	0.405	0.133	0.146	0.137	0.137	0.135	0.130	0.089	0.089	0.090	0.425	0.414	0.474
5:45:02	24.1	0.114	0.122	0.122	0.268	0.492	0.486	0.495	0.477	0.486	0.496	0.716	0.879	0.133	0.141	0.137	0.136	0.134	0.134	0.573	0.552	0.520	0.550	0.732	0.849	0.126	0.133	0.134	0.310	0.536	0.590	0.595	0.589	0.589	0.660	0.763	0.891	0.133	0.141	0.140	0.142	0.137	0.137	0.760	0.557	0.555	0.680	0.799	0.910	0.132	0.140	0.139	0.216	0.423	0.471	0.415	0.463	0.441	0.546	0.783	0.784	0.226	0.211	0.226	0.207	0.424	0.474	0.511	0.488	0.471	0.434	0.825	0.769	0.142	0.146	0.148	0.149	0.147	0.143	0.106	0.089	0.098	0.558	0.483	0.462	0.132	0.144	0.135	0.135	0.134	0.131	0.089	0.089	0.090	0.481	0.456	0.535
6:00:02	24.1	0.114	0.122	0.121	0.299	0.537	0.528	0.542	0.522	0.532	0.540	0.711	0.893	0.135	0.140	0.138	0.135	0.134	0.134	0.624	0.604	0.567	0.627	0.732	0.854	0.128	0.133	0.134	0.353	0.579	0.645	0.652	0.636	0.635	0.725	0.768	0.902	0.135	0.142	0.140	0.141	0.137	0.136	0.804	0.640	0.613	0.738	0.813	0.920	0.133	0.142	0.139	0.238	0.472	0.533	0.459	0.523	0.514	0.611	0.828	0.791	0.250	0.231	0.252	0.229	0.494	0.535	0.571	0.561	0.528	0.484	0.848	0.776	0.143	0.147	0.148	0.148	0.145	0.143	0.105	0.089	0.091	0.635	0.547	0.527	0.132	0.143	0.136	0.138	0.136	0.131	0.089	0.089	0.090	0.551	0.509	0.589
6:15:02	24.1	0.115	0.123	0.121	0.328	0.572	0.565	0.578	0.563	0.568	0.588	0.739	0.905	0.137	0.143	0.140	0.135	0.133	0.134	0.660	0.649	0.610	0.684	0.739	0.864	0.130	0.135	0.134	0.393	0.617	0.688	0.700	0.677	0.672	0.775	0.783	0.913	0.136	0.142	0.139	0.140	0.138	0.136	0.834	0.730	0.698	0.793	0.827	0.930	0.134	0.143	0.139	0.267	0.507	0.582	0.504	0.598	0.575	0.667	0.857	0.802	0.283	0.266	0.286	0.256	0.558	0.587	0.617	0.619	0.572	0.531	0.861	0.783	0.141	0.147	0.145	0.147	0.143	0.142	0.105	0.089	0.097	0.685	0.619	0.578	0.132	0.143	0.135	0.135	0.134	0.129	0.089	0.089	0.090	0.618	0.572	0.634
6:30:02	24.2	0.114	0.124	0.122	0.370	0.614	0.606	0.614	0.613	0.606	0.627	0.782	0.916	0.135	0.141	0.141	0.136	0.134	0.134	0.701	0.694	0.666	0.730	0.751	0.881	0.129	0.134	0.134	0.437	0.656	0.725	0.735	0.706	0.708	0.840	0.799	0.927	0.134	0.142	0.140	0.140	0.138	0.138	0.859	0.792	0.752	0.839	0.844	0.939	0.132	0.141	0.141	0.303	0.557	0.611	0.544	0.650	0.623	0.718	0.865	0.813	0.322	0.310	0.328	0.293	0.604	0.634	0.665	0.654	0.625	0.578	0.868	0.798	0.144	0.148	0.147	0.149	0.144	0.143	0.107	0.089	0.097	0.745	0.672	0.605	0.134	0.143	0.136	0.137	0.136	0.131	0.089	0.088	0.090	0.666	0.612	0.657
6:45:02	24.2	0.115	0.124	0.122	0.410	0.662	0.641	0.645	0.670	0.646	0.670	0.797	0.929	0.135	0.142	0.139	0.136	0.134	0.136	0.760	0.740	0.718	0.770	0.750	0.891	0.128	0.134	0.133	0.486	0.711	0.753	0.768	0.740	0.744	0.888	0.809	0.934	0.133	0.142	0.140	0.139	0.137	0.137	0.885	0.816	0.793	0.875	0.849	0.954	0.132	0.142	0.139	0.340	0.590	0.643	0.579	0.681	0.640	0.759	0.868	0.819	0.352	0.346	0.367	0.334	0.627	0.665	0.691	0.692	0.654	0.612	0.871	0.806	0.142	0.147	0.148	0.149	0.143	0.143	0.106	0.089	0.100	0.765	0.708	0.627	0.134	0.144	0.137	0.139	0.138	0.133	0.089	0.088	0.090	0.688	0.658	0.671
7:00:02	24.2	0.114	0.123	0.121	0.449	0.705	0.680	0.667	0.718	0.685	0.726	0.804	0.940	0.134	0.141	0.140	0.135	0.133	0.134	0.807	0.797	0.770	0.817	0.755	0.909	0.126	0.133	0.134	0.526	0.771	0.781	0.799	0.795	0.778	0.902	0.807	0.950	0.131	0.141	0.140	0.140	0.136	0.137	0.907	0.843	0.829	0.891	0.852	0.966	0.131	0.141	0.139	0.381	0.642	0.680	0.612	0.726	0.675	0.803	0.872	0.829	0.387	0.390	0.405	0.369	0.699	0.714	0.724	0.738	0.681	0.644	0.872	0.817	0.140	0.145	0.147	0.149	0.143	0.144	0.109	0.089	0.100	0.759	0.735	0.645	0.130	0.144	0.136	0.137	0.136	0.132	0.089	0.088	0.090	0.716	0.707	0.691
7:15:02	24.2	0.114	0.124	0.122	0.492	0.750	0.742	0.689	0.757	0.727	0.794	0.820	0.949	0.134	0.142	0.140	0.136	0.135	0.136	0.845	0.836	0.821	0.857	0.765	0.922	0.126	0.134	0.134	0.570	0.828	0.822	0.836	0.842	0.817	0.920	0.819	0.961	0.131	0.141	0.142	0.141	0.138	0.137	0.914	0.864	0.853	0.911	0.859	0.979	0.130	0.141	0.141	0.431	0.701	0.717	0.667	0.759	0.719	0.822	0.882	0.835	0.423	0.439	0.446	0.407	0.765	0.747	0.761	0.761	0.711	0.700	0.884	0.824	0.141	0.145	0.147	0.150	0.145	0.145	0.110	0.089	0.107	0.762	0.750	0.656	0.131	0.144	0.136	0.137	0.137	0.132	0.089	0.088	0.090	0.741	0.741	0.701
7:30:02	24.2	0.114	0.124	0.121	0.529	0.788	0.784	0.709	0.789	0.767	0.844	0.827	0.958	0.136	0.142	0.141	0.136	0.134	0.134	0.865	0.866	0.843	0.875	0.770	0.933	0.128	0.133	0.134	0.601	0.860	0.854	0.857	0.870	0.851	0.934	0.827	0.970	0.132	0.142	0.141	0.139	0.138	0.138	0.922	0.881	0.872	0.918	0.864	0.989	0.132	0.141	0.140	0.484	0.755	0.756	0.730	0.786	0.761	0.823	0.892	0.845	0.461	0.488	0.496	0.448	0.798	0.791	0.793	0.791	0.739	0.754	0.894	0.833	0.142	0.147	0.149	0.149	0.143	0.144	0.110	0.089	0.105	0.770	0.763	0.679	0.133	0.145	0.136	0.138	0.137	0.132	0.089	0.088	0.090	0.764	0.772	0.701
7:45:02	24.2	0.116	0.126	0.123	0.568	0.819	0.815	0.733	0.812	0.795	0.879	0.858	0.969	0.137	0.143	0.140	0.135	0.134	0.136	0.885	0.880	0.856	0.891	0.781	0.944	0.128	0.133	0.133	0.635	0.878	0.863	0.871	0.880	0.869	0.936	0.831	0.980	0.133	0.142	0.139	0.140	0.138	0.140	0.927	0.887	0.884	0.928	0.881	0.997	0.133	0.142	0.139	0.554	0.789	0.784	0.774	0.806	0.785	0.839	0.905	0.853	0.497	0.528	0.543	0.513	0.818	0.817	0.806	0.811	0.764	0.801	0.910	0.843	0.144	0.148	0.147	0.148	0.145	0.143	0.109	0.089	0.104	0.775	0.775	0.692	0.134	0.144	0.136	0.138	0.135	0.131	0.089	0.089	0.090	0.783	0.794	0.709
8:00:02	24.2	0.114	0.124	0.123	0.618	0.847	0.840	0.759	0.833	0.826	0.908	0.861	0.980	0.137	0.143	0.142	0.136	0.136	0.136	0.903	0.894	0.870	0.905	0.788	0.953	0.127	0.132	0.135	0.695	0.900	0.880	0.885	0.890	0.888	0.946	0.834	0.990	0.132	0.141	0.139	0.139	0.139	0.141	0.931	0.893	0.893	0.939	0.877	1.008	0.132	0.141	0.139	0.595	0.801	0.796	0.794	0.812	0.796	0.842	0.909	0.861	0.529	0.560	0.588	0.575	0.827	0.828	0.814	0.824	0.785	0.823	0.911	0.847	0.141	0.146	0.147	0.148	0.144	0.144	0.108	0.089	0.104	0.779	0.774	0.690	0.131	0.145	0.137	0.136	0.134	0.129	0.089	0.089	0.090	0.799	0.803	0.710
8:15:02	24.2	0.114	0.124	0.123	0.650	0.865	0.857	0.784	0.851	0.848	0.928	0.869	0.988	0.139	0.144	0.141	0.136	0.136	0.136	0.915	0.907	0.884	0.917	0.790	0.971	0.128	0.134	0.134	0.749	0.908	0.890	0.894	0.898	0.895	0.955	0.830	1.002	0.133	0.142	0.140	0.140	0.139	0.143	0.934	0.897	0.900	0.942	0.880	1.018	0.134	0.143	0.140	0.660	0.805	0.800	0.795	0.811	0.806	0.845	0.912	0.873	0.589	0.596	0.649	0.620	0.834	0.834	0.816	0.829	0.792	0.826	0.917	0.862	0.142	0.147	0.148	0.150	0.145	0.146	0.109	0.089	0.107	0.789	0.784	0.694	0.130	0.143	0.136	0.137	0.136	0.132	0.089	0.089	0.090	0.807	0.808	0.712
8:30:02	24.2	0.114	0.123	0.121	0.677	0.884	0.873	0.812	0.869	0.869	0.948	0.894	0.997	0.142	0.145	0.143	0.137	0.136	0.137	0.926	0.919	0.895	0.928	0.801	0.975	0.130	0.134	0.135	0.811	0.920	0.896	0.903	0.907	0.906	0.960	0.841	1.009	0.134	0.141	0.140	0.140	0.142	0.146	0.936	0.905	0.907	0.955	0.887	1.028	0.133	0.142	0.140	0.730	0.809	0.803	0.799	0.811	0.805	0.846	0.924	0.878	0.672	0.645	0.711	0.670	0.843	0.836	0.819	0.830	0.798	0.831	0.930	0.868	0.141	0.146	0.147	0.149	0.143	0.143	0.109	0.089	0.104	0.799	0.791	0.700	0.131	0.145	0.137	0.135	0.134	0.129	0.089	0.089	0.090	0.824	0.823	0.721
8:45:02	24.2	0.115	0.123	0.121	0.704	0.892	0.881	0.828	0.879	0.882	0.962	0.900	1.009	0.144	0.145	0.144	0.138	0.137	0.139	0.939	0.929	0.911	0.941	0.810	0.989	0.129	0.133	0.134	0.851	0.929	0.906	0.915	0.915	0.915	0.975	0.851	1.025	0.133	0.142	0.141	0.140	0.144	0.152	0.941	0.913	0.919	0.961	0.897	1.038	0.132	0.142	0.140	0.777	0.811	0.805	0.807	0.818	0.811	0.852	0.939	0.891	0.778	0.711	0.772	0.728	0.849	0.840	0.824	0.834	0.801	0.837	0.942	0.878	0.142	0.146	0.148	0.149	0.144	0.145	0.108	0.089	0.102	0.808	0.800	0.710	0.134	0.146	0.137	0.136	0.135	0.132	0.089	0.088	0.090	0.833	0.840	0.732
9:00:02	24.2	0.113	0.126	0.122	0.735	0.903	0.893	0.837	0.887	0.892	0.974	0.913	1.018	0.146	0.148	0.146	0.139	0.140	0.142	0.949	0.941	0.918	0.944	0.824	0.999	0.127	0.133	0.133	0.873	0.939	0.912	0.918	0.925	0.921	0.980	0.866	1.027	0.132	0.141	0.140	0.139	0.147	0.159	0.956	0.918	0.924	0.963	0.898	1.049	0.132	0.142	0.140	0.800	0.813	0.809	0.811	0.820	0.811	0.855	0.949	0.897	0.816	0.768	0.808	0.784	0.852	0.843	0.826	0.836	0.800	0.839	0.948	0.880	0.142	0.147	0.148	0.149	0.144	0.144	0.105	0.089	0.094	0.822	0.799	0.717	0.132	0.145	0.138	0.138	0.137	0.132	0.089	0.088	0.090	0.842	0.848	0.738
9:15:02	24.1	0.114	0.125	0.122	0.760	0.917	0.904	0.854	0.901	0.909	0.990	0.924	1.026	0.151	0.149	0.148	0.141	0.142	0.143	0.965	0.950	0.929	0.960	0.831	1.014	0.128	0.133	0.135	0.891	0.948	0.923	0.931	0.931	0.935	0.989	0.872	1.035	0.133	0.142	0.141	0.139	0.154	0.171	0.968	0.930	0.935	0.969	0.909	1.059	0.133	0.140	0.141	0.811	0.817	0.814	0.818	0.828	0.816	0.863	0.954	0.907	0.832	0.790	0.821	0.807	0.855	0.849	0.830	0.845	0.807	0.847	0.953	0.892	0.141	0.147	0.147	0.147	0.142	0.145	0.113	0.089	0.110	0.830	0.817	0.725	0.130	0.144	0.135	0.138	0.138	0.134	0.089	0.089	0.090	0.853	0.853	0.746
9:30:02	24.1	0.114	0.124	0.121	0.781	0.927	0.910	0.872	0.917	0.922	1.005	0.933	1.037	0.156	0.151	0.150	0.142	0.145	0.145	0.977	0.961	0.939	0.974	0.838	1.023	0.128	0.132	0.132	0.896	0.952	0.936	0.939	0.943	0.943	0.993	0.877	1.042	0.132	0.142	0.139	0.137	0.158	0.187	0.981	0.937	0.941	0.976	0.915	1.062	0.131	0.140	0.140	0.816	0.821	0.820	0.824	0.834	0.820	0.866	0.965	0.909	0.838	0.795	0.827	0.817	0.858	0.852	0.835	0.849	0.811	0.851	0.963	0.894	0.140	0.147	0.147	0.147	0.141	0.142	0.109	0.089	0.105	0.842	0.822	0.730	0.132	0.144	0.135	0.138	0.135	0.130	0.089	0.088	0.090	0.862	0.863	0.754
9:45:03	24.1	0.112	0.123	0.121	0.802	0.945	0.924	0.892	0.933	0.937	1.019	0.955	1.048	0.164	0.154	0.156	0.145	0.151	0.150	0.984	0.973	0.948	0.987	0.855	1.034	0.126	0.134	0.134	0.912	0.967	0.945	0.953	0.952	0.958	1.002	0.889	1.052	0.132	0.141	0.139	0.138	0.168	0.203	0.990	0.944	0.959	0.982	0.928	1.071	0.132	0.142	0.140	0.822	0.830	0.825	0.831	0.840	0.827	0.870	0.975	0.918	0.850	0.800	0.829	0.818	0.861	0.854	0.841	0.856	0.816	0.858	0.974	0.902	0.142	0.146	0.147	0.149	0.144	0.143	0.105	0.089	0.097	0.852	0.837	0.741	0.132	0.145	0.136	0.135	0.135	0.129	0.089	0.089	0.090	0.873	0.877	0.767
10:00:03	24.1	0.114	0.125	0.121	0.817	0.957	0.933	0.908	0.947	0.949	1.032	0.973	1.058	0.175	0.161	0.162	0.150	0.157	0.155	0.999	0.982	0.963	0.998	0.866	1.046	0.128	0.134	0.135	0.923	0.977	0.956	0.964	0.966	0.966	1.004	0.898	1.067	0.132	0.142	0.141	0.140	0.182	0.227	1.001	0.952	0.966	0.991	0.939	1.082	0.132	0.141	0.141	0.828	0.835	0.836	0.839	0.849	0.837	0.880	0.987	0.927	0.862	0.809	0.836	0.822	0.871	0.865	0.851	0.864	0.830	0.870	0.981	0.913	0.141	0.148	0.148	0.147	0.143	0.143	0.107	0.089	0.089	0.865	0.846	0.755	0.130	0.144	0.135	0.138	0.136	0.131	0.089	0.088	0.090	0.889	0.887	0.778
10:15:02	24.1	0.113	0.124	0.122	0.830	0.966	0.942	0.931	0.955	0.955	1.042	0.974	1.065	0.187	0.167	0.168	0.153	0.166	0.163	1.012	0.990	0.968	1.009	0.877	1.056	0.128	0.132	0.134	0.926	0.986	0.967	0.971	0.974	0.974	1.013	0.904	1.077	0.134	0.142	0.141	0.139	0.193	0.253	1.007	0.967	0.977	1.002	0.946	1.095	0.133	0.140	0.140	0.833	0.843	0.845	0.846	0.855	0.844	0.888	0.995	0.934	0.864	0.819	0.843	0.826	0.878	0.864	0.861	0.868	0.833	0.874	0.992	0.917	0.142	0.149	0.148	0.148	0.145	0.143	0.109	0.089	0.105	0.876	0.852	0.763	0.133	0.143	0.136	0.137	0.135	0.132	0.089	0.089	0.090	0.898	0.893	0.785
10:30:02	24.1	0.115	0.126	0.122	0.844	0.978	0.949	0.939	0.962	0.965	1.052	0.985	1.076	0.205	0.176	0.180	0.159	0.177	0.171	1.022	0.997	0.973	1.018	0.886	1.064	0.129	0.135	0.136	0.945	0.998	0.977	0.976	0.981	0.983	1.023	0.914	1.077	0.136	0.143	0.141	0.139	0.206	0.289	1.012	0.978	0.981	1.011	0.954	1.100	0.134	0.142	0.141	0.837	0.852	0.856	0.854	0.862	0.852	0.894	1.004	0.940	0.873	0.829	0.845	0.830	0.886	0.878	0.869	0.874	0.844	0.879	0.996	0.923	0.143	0.149	0.147	0.149	0.145	0.144	0.108	0.089	0.104	0.883	0.860	0.770	0.132	0.143	0.136	0.137	0.136	0.131	0.089	0.089	0.090	0.901	0.899	0.795
10:45:02	24.1	0.114	0.125	0.122	0.870	0.991	0.961	0.952	0.976	0.979	1.065	0.992	1.081	0.228	0.182	0.193	0.168	0.192	0.184	1.034	1.006	0.983	1.034	0.892	1.079	0.128	0.134	0.133	0.953	1.008	0.984	0.985	0.992	0.989	1.029	0.916	1.086	0.133	0.142	0.140	0.140	0.222	0.338	1.023	0.978	0.993	1.022	0.959	1.107	0.132	0.143	0.140	0.843	0.860	0.862	0.861	0.871	0.858	0.900	1.007	0.948	0.880	0.830	0.852	0.840	0.895	0.886	0.875	0.880	0.853	0.889	0.998	0.931	0.141	0.146	0.149	0.151	0.145	0.144	0.109	0.089	0.105	0.892	0.871	0.779	0.132	0.145	0.137	0.137	0.136	0.130	0.089	0.089	0.090	0.912	0.905	0.799
11:00:03	24.1	0.114	0.124	0.122	0.885	1.000	0.970	0.970	0.985	0.984	1.075	1.023	1.095	0.249	0.194	0.212	0.180	0.213	0.199	1.042	1.016	0.992	1.044	0.911	1.086	0.128	0.133	0.133	0.969	1.021	0.998	0.997	1.004	0.998	1.039	0.930	1.099	0.134	0.141	0.139	0.139	0.245	0.380	1.031	0.990	1.005	1.034	0.974	1.117	0.133	0.140	0.141	0.847	0.862	0.873	0.869	0.876	0.868	0.910	1.021	0.953	0.885	0.835	0.858	0.846	0.901	0.895	0.887	0.889	0.863	0.898	1.015	0.937	0.142	0.147	0.147	0.147	0.144	0.143	0.108	0.089	0.103	0.904	0.879	0.785	0.131	0.142	0.136	0.136	0.135	0.130	0.089	0.088	0.090	0.926	0.914	0.811
11:15:03	24.1	0.113	0.125	0.122	0.899	1.011	0.980	0.989	0.997	0.993	1.084	1.034	1.104	0.281	0.205	0.234	0.193	0.238	0.212	1.051	1.026	1.001	1.058	0.923	1.098	0.129	0.134	0.134	0.977	1.027	1.003	1.003	1.011	1.007	1.049	0.937	1.104	0.136	0.142	0.140	0.140	0.277	0.404	1.040	0.999	1.012	1.044	0.981	1.127	0.134	0.141	0.141	0.857	0.871	0.880	0.877	0.881	0.878	0.920	1.029	0.964	0.893	0.843	0.869	0.858	0.921	0.903	0.889	0.901	0.873	0.906	1.020	0.951	0.142	0.149	0.148	0.147	0.145	0.143	0.109	0.089	0.104	0.918	0.889	0.799	0.133	0.143	0.136	0.137	0.137	0.132	0.089	0.089	0.090	0.938	0.928	0.820
11:30:02	24.1	0.113	0.124	0.122	0.921	1.026	0.989	1.000	1.012	1.009	1.099	1.042	1.111	0.316	0.218	0.266	0.208	0.262	0.231	1.057	1.034	1.009	1.067	0.930	1.108	0.126	0.134	0.134	0.981	1.033	1.012	1.007	1.019	1.011	1.062	0.941	1.115	0.135	0.141	0.140	0.142	0.319	0.444	1.046	1.005	1.018	1.051	0.984	1.135	0.133	0.139	0.140	0.859	0.877	0.885	0.880	0.889	0.884	0.927	1.029	0.970	0.899	0.851	0.874	0.865	0.933	0.904	0.900	0.911	0.879	0.917	1.017	0.956	0.142	0.148	0.149	0.148	0.147	0.144	0.104	0.089	0.099	0.930	0.897	0.802	0.130	0.142	0.133	0.136	0.135	0.131	0.089	0.089	0.090	0.944	0.928	0.826
11:45:02	24.0	0.113	0.125	0.121	0.929	1.035	0.998	1.010	1.021	1.018	1.110	1.063	1.121	0.361	0.239	0.304	0.224	0.294	0.260	1.068	1.044	1.018	1.079	0.940	1.117	0.127	0.132	0.133	0.988	1.041	1.016	1.013	1.030	1.018	1.073	0.950	1.121	0.136	0.142	0.140	0.141	0.365	0.479	1.053	1.013	1.028	1.062	0.998	1.138	0.132	0.139	0.140	0.870	0.885	0.893	0.891	0.895	0.893	0.936	1.043	0.980	0.906	0.854	0.881	0.864	0.938	0.909	0.912	0.917	0.886	0.924	1.033	0.968	0.140	0.147	0.147	0.147	0.142	0.143	0.112	0.089	0.109	0.940	0.905	0.809	0.135	0.144	0.135	0.138	0.136	0.131	0.089	0.088	0.090	0.955	0.944	0.830
12:00:02	24.0	0.114	0.124	0.121	0.944	1.047	1.006	1.023	1.037	1.029	1.119	1.063	1.128	0.405	0.267	0.349	0.248	0.337	0.287	1.076	1.051	1.026	1.087	0.953	1.126	0.127	0.133	0.134	1.000	1.050	1.024	1.019	1.038	1.025	1.083	0.952	1.130	0.138	0.141	0.140	0.146	0.410	0.508	1.058	1.018	1.032	1.066	1.001	1.150	0.134	0.141	0.140	0.876	0.887	0.899	0.897	0.906	0.901	0.945	1.045	0.986	0.915	0.864	0.886	0.867	0.945	0.915	0.918	0.924	0.892	0.931	1.030	0.977	0.141	0.147	0.150	0.151	0.146	0.142	0.106	0.089	0.089	0.953	0.913	0.820	0.131	0.144	0.136	0.139	0.137	0.132	0.089	0.089	0.090	0.966	0.952	0.838
12:15:03	24.0	0.114	0.125	0.123	0.959	1.057	1.018	1.035	1.047	1.041	1.128	1.084	1.138	0.438	0.303	0.400	0.277	0.382	0.325	1.088	1.060	1.039	1.098	0.963	1.138	0.128	0.134	0.133	1.014	1.058	1.033	1.025	1.042	1.032	1.093	0.965	1.137	0.140	0.141	0.140	0.148	0.453	0.543	1.071	1.027	1.039	1.075	1.014	1.155	0.131	0.142	0.140	0.882	0.895	0.905	0.907	0.913	0.908	0.953	1.054	0.997	0.921	0.872	0.891	0.875	0.953	0.923	0.924	0.933	0.903	0.938	1.041	0.991	0.142	0.146	0.148	0.149	0.144	0.143	0.110	0.089	0.101	0.964	0.926	0.826	0.132	0.144	0.137	0.137	0.135	0.128	0.089	0.088	0.090	0.975	0.965	0.847
12:30:02	24.0	0.115	0.124	0.121	0.966	1.065	1.023	1.046	1.054	1.042	1.137	1.094	1.143	0.472	0.348	0.444	0.306	0.437	0.361	1.097	1.069	1.046	1.104	0.976	1.144	0.129	0.134	0.133	1.021	1.067	1.044	1.034	1.053	1.040	1.101	0.975	1.143	0.145	0.142	0.141	0.151	0.503	0.559	1.076	1.036	1.046	1.083	1.024	1.162	0.133	0.142	0.139	0.889	0.899	0.914	0.916	0.918	0.917	0.959	1.058	1.004	0.926	0.877	0.899	0.876	0.958	0.933	0.929	0.938	0.907	0.944	1.046	0.994	0.142	0.147	0.147	0.148	0.144	0.143	0.108	0.089	0.104	0.974	0.934	0.834	0.132	0.143	0.136	0.138	0.136	0.131	0.089	0.089	0.090	0.987	0.967	0.858
12:45:02	24.0	0.114	0.123	0.121	0.984	1.077	1.033	1.059	1.063	1.057	1.151	1.104	1.153	0.522	0.386	0.510	0.347	0.475	0.390	1.107	1.078	1.058	1.120	0.985	1.155	0.126	0.131	0.134	1.029	1.074	1.049	1.044	1.060	1.047	1.107	0.979	1.152	0.148	0.140	0.140	0.157	0.557	0.586	1.083	1.045	1.055	1.091	1.030	1.172	0.133	0.141	0.140	0.896	0.916	0.915	0.921	0.932	0.922	0.969	1.063	1.015	0.939	0.886	0.904	0.889	0.965	0.937	0.934	0.943	0.916	0.955	1.050	1.005	0.142	0.147	0.147	0.150	0.145	0.144	0.114	0.089	0.111	0.987	0.940	0.841	0.131	0.145	0.137	0.136	0.136	0.131	0.089	0.089	0.090	0.995	0.971	0.865
13:00:03	24.0	0.115	0.126	0.123	0.993	1.087	1.045	1.069	1.073	1.063	1.157	1.127	1.161	0.564	0.446	0.577	0.385	0.531	0.422	1.122	1.088	1.063	1.128	1.000	1.165	0.127	0.134	0.135	1.044	1.080	1.058	1.049	1.065	1.053	1.117	0.989	1.159	0.155	0.141	0.140	0.164	0.606	0.615	1.093	1.051	1.061	1.097	1.041	1.174	0.133	0.141	0.141	0.904	0.918	0.925	0.927	0.934	0.927	0.975	1.070	1.022	0.940	0.893	0.911	0.899	0.974	0.949	0.949	0.951	0.923	0.958	1.058	1.014	0.142	0.146	0.147	0.150	0.146	0.144	0.108	0.089	0.105	1.000	0.949	0.854	0.130	0.143	0.136	0.138	0.135	0.131	0.089	0.089	0.090	1.009	0.978	0.869
13:15:02	24.0	0.115	0.125	0.121	1.014	1.097	1.053	1.083	1.086	1.078	1.168	1.151	1.168	0.609	0.487	0.634	0.422	0.572	0.455	1.125	1.096	1.075	1.141	1.012	1.173	0.128	0.133	0.135	1.049	1.089	1.060	1.056	1.071	1.058	1.122	0.999	1.167	0.165	0.142	0.141	0.176	0.653	0.646	1.101	1.057	1.068	1.105	1.051	1.186	0.133	0.143	0.141	0.913	0.930	0.928	0.933	0.944	0.932	0.981	1.080	1.036	0.950	0.901	0.919	0.904	0.981	0.953	0.948	0.956	0.926	0.967	1.064	1.024	0.141	0.147	0.148	0.151	0.145	0.144	0.107	0.089	0.101	1.011	0.959	0.860	0.130	0.144	0.136	0.136	0.135	0.129	0.089	0.089	0.090	1.015	0.987	0.877
13:30:02	24.0	0.113	0.126	0.121	1.017	1.103	1.059	1.091	1.088	1.079	1.176	1.166	1.175	0.644	0.553	0.665	0.454	0.609	0.489	1.136	1.105	1.086	1.152	1.028	1.184	0.128	0.134	0.135	1.057	1.098	1.068	1.064	1.080	1.065	1.129	1.011	1.172	0.177	0.142	0.140	0.187	0.715	0.644	1.109	1.064	1.076	1.111	1.068	1.193	0.133	0.141	0.140	0.918	0.937	0.935	0.942	0.956	0.941	0.987	1.089	1.044	0.954	0.907	0.926	0.909	0.988	0.960	0.962	0.965	0.935	0.970	1.078	1.035	0.143	0.150	0.147	0.146	0.145	0.143	0.111	0.089	0.107	1.020	0.969	0.874	0.133	0.143	0.136	0.138	0.138	0.132	0.089	0.089	0.090	1.028	1.000	0.886
13:45:03	24.0	0.114	0.126	0.122	1.038	1.113	1.071	1.105	1.101	1.094	1.184	1.177	1.181	0.683	0.607	0.697	0.490	0.630	0.521	1.147	1.114	1.091	1.164	1.035	1.194	0.129	0.135	0.134	1.062	1.102	1.078	1.071	1.087	1.075	1.138	1.013	1.182	0.194	0.143	0.140	0.204	0.790	0.644	1.118	1.071	1.083	1.119	1.071	1.202	0.134	0.140	0.141	0.924	0.944	0.939	0.948	0.962	0.948	0.998	1.091	1.053	0.959	0.911	0.933	0.916	0.994	0.967	0.971	0.973	0.944	0.983	1.077	1.043	0.143	0.149	0.150	0.148	0.146	0.143	0.106	0.089	0.091	1.036	0.978	0.884	0.134	0.147	0.136	0.138	0.136	0.130	0.089	0.089	0.090	1.040	1.010	0.894
14:00:03	24.0	0.114	0.127	0.123	1.049	1.124	1.077	1.117	1.111	1.103	1.195	1.191	1.190	0.712	0.666	0.738	0.525	0.682	0.563	1.156	1.125	1.099	1.176	1.050	1.202	0.129	0.134	0.133	1.068	1.113	1.086	1.079	1.097	1.085	1.145	1.028	1.189	0.217	0.143	0.141	0.223	0.831	0.630	1.124	1.077	1.093	1.125	1.084	1.207	0.134	0.143	0.141	0.933	0.946	0.944	0.954	0.967	0.955	1.003	1.101	1.063	0.967	0.918	0.941	0.927	1.002	0.971	0.976	0.979	0.949	0.987	1.081	1.050	0.141	0.148	0.149	0.151	0.146	0.144	0.108	0.089	0.105	1.045	0.986	0.892	0.132	0.146	0.137	0.137	0.136	0.134	0.089	0.088	0.090	1.046	1.009	0.901
14:15:02	24.0	0.113	0.126	0.121	1.056	1.129	1.085	1.126	1.117	1.106	1.201	1.210	1.195	0.726	0.715	0.782	0.568	0.758	0.613	1.164	1.130	1.111	1.185	1.064	1.211	0.130	0.135	0.134	1.075	1.122	1.097	1.086	1.103	1.087	1.151	1.035	1.197	0.243	0.143	0.140	0.246	0.850	0.607	1.129	1.087	1.097	1.135	1.098	1.215	0.134	0.140	0.141	0.942	0.957	0.954	0.962	0.974	0.960	1.011	1.111	1.066	0.968	0.920	0.951	0.937	1.010	0.981	0.979	0.986	0.955	0.995	1.091	1.056	0.141	0.150	0.148	0.148	0.144	0.143	0.112	0.089	0.109	1.056	0.996	0.900	0.133	0.143	0.135	0.137	0.136	0.131	0.089	0.089	0.090	1.054	1.020	0.911
14:30:02	24.0	0.114	0.127	0.122	1.068	1.140	1.095	1.134	1.127	1.116	1.211	1.217	1.202	0.776	0.753	0.829	0.623	0.826	0.732	1.176	1.141	1.120	1.193	1.069	1.219	0.129	0.134	0.134	1.081	1.131	1.102	1.094	1.115	1.097	1.157	1.046	1.206	0.272	0.144	0.140	0.276	0.861	0.603	1.138	1.098	1.109	1.142	1.105	1.221	0.134	0.141	0.141	0.946	0.960	0.959	0.971	0.985	0.968	1.018	1.113	1.074	0.976	0.928	0.956	0.945	1.017	0.984	0.986	0.992	0.963	0.998	1.092	1.066	0.144	0.151	0.148	0.147	0.144	0.144	0.108	0.089	0.103	1.064	1.003	0.905	0.135	0.145	0.136	0.137	0.137	0.133	0.089	0.088	0.090	1.066	1.028	0.919
14:45:02	24.0	0.114	0.126	0.121	1.084	1.149	1.103	1.148	1.134	1.127	1.219	1.226	1.208	0.794	0.795	0.838	0.687	0.843	0.807	1.182	1.150	1.123	1.203	1.077	1.225	0.128	0.133	0.135	1.089	1.137	1.111	1.095	1.118	1.104	1.165	1.046	1.210	0.311	0.142	0.140	0.314	0.871	0.569	1.147	1.100	1.111	1.148	1.105	1.228	0.133	0.142	0.141	0.951	0.968	0.964	0.975	0.990	0.973	1.024	1.117	1.079	0.982	0.930	0.962	0.949	1.022	0.994	1.002	0.999	0.970	1.012	1.094	1.070	0.140	0.146	0.149	0.151	0.145	0.144	0.106	0.089	0.094	1.076	1.011	0.913	0.129	0.144	0.137	0.136	0.135	0.130	0.089	0.088	0.090	1.074	1.039	0.926
15:00:02	24.0	0.115	0.128	0.124	1.096	1.159	1.114	1.158	1.148	1.134	1.231	1.238	1.215	0.797	0.817	0.845	0.753	0.856	0.827	1.196	1.162	1.135	1.216	1.089	1.235	0.129	0.133	0.135	1.099	1.151	1.118	1.108	1.131	1.112	1.174	1.055	1.211	0.356	0.143	0.141	0.370	0.881	0.548	1.154	1.107	1.122	1.160	1.119	1.229	0.135	0.141	0.142	0.957	0.980	0.974	0.983	0.998	0.982	1.035	1.125	1.085	0.988	0.938	0.969	0.956	1.032	1.002	1.001	1.007	0.977	1.014	1.103	1.079	0.143	0.150	0.148	0.148	0.145	0.145	0.104	0.089	0.102	1.085	1.019	0.923	0.132	0.144	0.136	0.138	0.139	0.134	0.089	0.088	0.090	1.084	1.042	0.934
15:15:03	24.0	0.115	0.128	0.124	1.103	1.167	1.123	1.165	1.153	1.142	1.239	1.242	1.221	0.797	0.833	0.851	0.810	0.861	0.832	1.203	1.166	1.144	1.225	1.100	1.245	0.129	0.136	0.135	1.114	1.154	1.125	1.113	1.134	1.121	1.182	1.063	1.220	0.409	0.144	0.142	0.455	0.888	0.543	1.159	1.116	1.132	1.164	1.128	1.239	0.134	0.141	0.142	0.965	0.983	0.980	0.992	1.007	0.988	1.040	1.126	1.093	0.995	0.944	0.974	0.962	1.037	1.010	1.016	1.018	0.987	1.023	1.106	1.088	0.144	0.152	0.149	0.148	0.146	0.145	0.107	0.089	0.104	1.095	1.028	0.936	0.135	0.145	0.138	0.139	0.139	0.134	0.089	0.088	0.090	1.095	1.049	0.946
15:30:02	24.0	0.115	0.127	0.123	1.115	1.175	1.131	1.176	1.162	1.150	1.248	1.264	1.231	0.796	0.832	0.850	0.815	0.864	0.836	1.211	1.174	1.153	1.232	1.108	1.252	0.129	0.134	0.134	1.116	1.159	1.130	1.119	1.141	1.126	1.188	1.070	1.225	0.468	0.143	0.140	0.573	0.895	0.540	1.164	1.125	1.135	1.173	1.132	1.246	0.134	0.138	0.140	0.971	0.988	0.983	0.997	1.010	0.994	1.051	1.135	1.102	0.999	0.944	0.975	0.966	1.042	1.012	1.016	1.024	0.996	1.033	1.110	1.093	0.142	0.149	0.149	0.147	0.145	0.143	0.104	0.089	0.089	1.106	1.036	0.941	0.131	0.146	0.135	0.137	0.134	0.128	0.089	0.089	0.090	1.099	1.060	0.953
15:45:02	24.0	0.115	0.128	0.123	1.123	1.183	1.137	1.181	1.169	1.156	1.257	1.274	1.237	0.801	0.834	0.858	0.818	0.867	0.843	1.218	1.187	1.161	1.244	1.118	1.260	0.130	0.134	0.135	1.123	1.166	1.137	1.127	1.150	1.135	1.198	1.081	1.231	0.522	0.145	0.142	0.667	0.906	0.533	1.171	1.130	1.143	1.182	1.145	1.252	0.133	0.140	0.141	0.978	0.993	0.992	1.006	1.021	1.004	1.060	1.140	1.110	1.006	0.954	0.985	0.973	1.051	1.023	1.036	1.034	1.007	1.037	1.116	1.101	0.141	0.149	0.147	0.148	0.145	0.146	0.111	0.089	0.108	1.117	1.045	0.950	0.134	0.142	0.135	0.137	0.137	0.134	0.089	0.089	0.090	1.113	1.066	0.960
16:00:02	23.9	0.114	0.127	0.123	1.129	1.189	1.145	1.188	1.178	1.159	1.268	1.270	1.246	0.806	0.835	0.862	0.823	0.874	0.848	1.226	1.187	1.167	1.251	1.124	1.266	0.129	0.133	0.134	1.128	1.174	1.143	1.131	1.153	1.140	1.203	1.083	1.238	0.579	0.145	0.142	0.727	0.914	0.530	1.177	1.136	1.151	1.187	1.147	1.263	0.133	0.141	0.142	0.987	0.999	0.995	1.012	1.025	1.010	1.065	1.140	1.113	1.013	0.958	0.990	0.978	1.059	1.024	1.036	1.040	1.007	1.045	1.118	1.107	0.142	0.149	0.148	0.150	0.145	0.144	0.110	0.089	0.107	1.123	1.050	0.958	0.133	0.143	0.136	0.138	0.137	0.133	0.089	0.088	0.090	1.117	1.072	0.970
16:15:03	23.9	0.115	0.126	0.123	1.141	1.198	1.154	1.195	1.185	1.172	1.279	1.270	1.249	0.811	0.840	0.867	0.825	0.877	0.852	1.231	1.199	1.175	1.260	1.125	1.274	0.128	0.133	0.136	1.134	1.181	1.149	1.135	1.161	1.147	1.215	1.083	1.247	0.640	0.144	0.142	0.734	0.922	0.530	1.183	1.141	1.156	1.194	1.149	1.266	0.133	0.141	0.141	0.989	1.007	1.000	1.018	1.032	1.018	1.075	1.147	1.124	1.022	0.961	0.994	0.985	1.066	1.032	1.048	1.047	1.015	1.056	1.121	1.115	0.142	0.147	0.150	0.151	0.148	0.145	0.114	0.089	0.109	1.134	1.060	0.970	0.129	0.145	0.137	0.138	0.136	0.134	0.089	0.089	0.090	1.125	1.080	0.977
16:30:03	23.9	0.114	0.129	0.123	1.147	1.207	1.163	1.200	1.193	1.175	1.285	1.298	1.252	0.818	0.847	0.873	0.832	0.881	0.862	1.237	1.202	1.181	1.265	1.139	1.279	0.127	0.134	0.133	1.143	1.185	1.156	1.143	1.164	1.151	1.217	1.095	1.251	0.686	0.144	0.142	0.742	0.932	0.522	1.187	1.150	1.160	1.198	1.161	1.272	0.133	0.141	0.141	0.995	1.014	1.005	1.019	1.037	1.020	1.082	1.153	1.127	1.030	0.969	1.001	0.990	1.072	1.037	1.049	1.053	1.021	1.058	1.129	1.120	0.141	0.147	0.147	0.148	0.146	0.144	0.111	0.089	0.107	1.145	1.069	0.978	0.130	0.144	0.137	0.139	0.138	0.133	0.089	0.088	0.090	1.137	1.086	0.985
16:45:03	23.9	0.116	0.128	0.123	1.159	1.216	1.172	1.210	1.201	1.185	1.291	1.301	1.261	0.826	0.854	0.881	0.838	0.887	0.868	1.248	1.211	1.191	1.273	1.145	1.285	0.129	0.133	0.136	1.153	1.192	1.160	1.149	1.171	1.157	1.222	1.094	1.255	0.731	0.145	0.141	0.788	0.938	0.520	1.194	1.150	1.168	1.205	1.161	1.276	0.134	0.140	0.141	1.002	1.018	1.009	1.030	1.044	1.026	1.088	1.157	1.128	1.040	0.974	1.007	0.997	1.079	1.043	1.055	1.059	1.027	1.067	1.132	1.123	0.143	0.150	0.147	0.149	0.146	0.145	0.112	0.089	0.110	1.153	1.074	0.979	0.133	0.144	0.137	0.139	0.138	0.134	0.089	0.089	0.090	1.147	1.094	0.994
17:00:03	23.9	0.114	0.127	0.122	1.165	1.221	1.174	1.217	1.205	1.191	1.297	1.317	1.266	0.834	0.857	0.886	0.845	0.889	0.871	1.254	1.216	1.201	1.280	1.153	1.294	0.127	0.134	0.136	1.151	1.194	1.167	1.153	1.176	1.163	1.228	1.101	1.260	0.773	0.146	0.142	0.807	0.945	0.518	1.201	1.157	1.168	1.210	1.170	1.282	0.132	0.142	0.141	1.006	1.022	1.012	1.033	1.049	1.032	1.097	1.165	1.142	1.048	0.982	1.016	1.003	1.084	1.049	1.060	1.063	1.031	1.071	1.136	1.132	0.140	0.148	0.148	0.151	0.146	0.146	0.114	0.089	0.112	1.160	1.076	0.989	0.128	0.143	0.136	0.138	0.137	0.135	0.089	0.089	0.090	1.151	1.096	0.999
17:15:03	23.9	0.116	0.130	0.123	1.177	1.233	1.184	1.225	1.216	1.199	1.305	1.327	1.273	0.841	0.867	0.893	0.852	0.900	0.883	1.263	1.229	1.212	1.290	1.167	1.300	0.128	0.134	0.134	1.165	1.206	1.175	1.159	1.186	1.171	1.238	1.111	1.268	0.802	0.149	0.142	0.815	0.956	0.517	1.206	1.165	1.172	1.219	1.177	1.290	0.135	0.141	0.142	1.018	1.028	1.018	1.040	1.057	1.039	1.103	1.172	1.147	1.061	0.992	1.023	1.012	1.090	1.055	1.073	1.071	1.039	1.079	1.145	1.138	0.144	0.149	0.148	0.149	0.145	0.144	0.108	0.089	0.102	1.170	1.089	0.996	0.135	0.144	0.137	0.139	0.138	0.132	0.089	0.088	0.090	1.165	1.109	1.005
17:30:02	23.9	0.116	0.129	0.124	1.185	1.239	1.195	1.237	1.224	1.206	1.315	1.344	1.276	0.849	0.872	0.902	0.860	0.909	0.893	1.270	1.234	1.211	1.298	1.180	1.310	0.130	0.135	0.135	1.172	1.213	1.181	1.167	1.192	1.176	1.245	1.123	1.273	0.831	0.151	0.144	0.818	0.966	0.515	1.216	1.173	1.185	1.227	1.193	1.294	0.134	0.140	0.142	1.022	1.036	1.026	1.047	1.065	1.046	1.111	1.187	1.154	1.065	0.999	1.030	1.019	1.097	1.065	1.080	1.080	1.048	1.085	1.161	1.148	0.143	0.148	0.149	0.149	0.145	0.147	0.115	0.090	0.112	1.182	1.097	1.006	0.136	0.144	0.136	0.140	0.139	0.136	0.089	0.089	0.090	1.175	1.115	1.016
17:45:03	23.9	0.114	0.128	0.122	1.189	1.243	1.200	1.241	1.232	1.214	1.317	1.349	1.282	0.853	0.879	0.905	0.867	0.912	0.896	1.276	1.240	1.216	1.303	1.188	1.316	0.126	0.133	0.134	1.177	1.219	1.186	1.172	1.198	1.182	1.251	1.124	1.283	0.844	0.152	0.143	0.823	0.970	0.513	1.219	1.174	1.186	1.229	1.194	1.297	0.133	0.141	0.141	1.026	1.039	1.029	1.049	1.071	1.050	1.117	1.186	1.157	1.072	1.006	1.036	1.023	1.100	1.066	1.082	1.085	1.052	1.094	1.161	1.152	0.141	0.149	0.147	0.148	0.145	0.144	0.112	0.089	0.110	1.189	1.102	1.015	0.130	0.142	0.135	0.137	0.137	0.133	0.089	0.088	0.090	1.186	1.122	1.026
18:00:03	24.0	0.116	0.128	0.124	1.201	1.252	1.209	1.249	1.238	1.218	1.326	1.357	1.286	0.862	0.885	0.913	0.876	0.920	0.906	1.284	1.250	1.225	1.310	1.194	1.321	0.129	0.134	0.135	1.184	1.222	1.192	1.179	1.205	1.190	1.253	1.129	1.284	0.857	0.158	0.143	0.824	0.979	0.513	1.226	1.183	1.195	1.236	1.197	1.305	0.135	0.141	0.142	1.034	1.046	1.035	1.056	1.076	1.056	1.125	1.196	1.160	1.081	1.014	1.043	1.033	1.107	1.071	1.090	1.091	1.059	1.100	1.167	1.155	0.144	0.151	0.147	0.148	0.145	0.146	0.110	0.089	0.106	1.199	1.107	1.015	0.135	0.145	0.137	0.137	0.138	0.133	0.089	0.089	0.090	1.195	1.128	1.030
18:15:03	24.0	0.114	0.128	0.123	1.208	1.256	1.217	1.254	1.241	1.225	1.331	1.361	1.290	0.870	0.890	0.919	0.880	0.923	0.909	1.286	1.251	1.234	1.313	1.198	1.328	0.128	0.134	0.136	1.187	1.228	1.196	1.183	1.208	1.191	1.261	1.130	1.292	0.869	0.162	0.145	0.830	0.984	0.514	1.227	1.183	1.196	1.239	1.199	1.315	0.133	0.142	0.140	1.038	1.052	1.036	1.060	1.080	1.060	1.129	1.202	1.168	1.087	1.018	1.047	1.034	1.111	1.073	1.094	1.095	1.063	1.103	1.174	1.163	0.141	0.148	0.149	0.149	0.143	0.144	0.089	0.089	0.089	1.208	1.113	1.027	0.134	0.146	0.135	0.137	0.137	0.133	0.089	0.089	0.090	1.204	1.133	1.038
18:30:03	24.0	0.113	0.126	0.122	1.217	1.265	1.224	1.264	1.251	1.230	1.338	1.372	1.293	0.875	0.899	0.924	0.888	0.930	0.915	1.292	1.259	1.241	1.322	1.205	1.334	0.127	0.134	0.135	1.187	1.235	1.202	1.187	1.214	1.198	1.266	1.133	1.298	0.875	0.167	0.144	0.828	0.991	0.518	1.235	1.189	1.204	1.246	1.202	1.318	0.132	0.141	0.140	1.042	1.053	1.042	1.066	1.087	1.067	1.137	1.209	1.173	1.095	1.022	1.051	1.040	1.115	1.080	1.100	1.101	1.067	1.112	1.180	1.171	0.140	0.147	0.148	0.150	0.145	0.144	0.107	0.089	0.101	1.216	1.118	1.032	0.128	0.143	0.136	0.136	0.134	0.129	0.089	0.089	0.090	1.209	1.137	1.045
18:45:03	24.0	0.112	0.126	0.122	1.219	1.269	1.228	1.269	1.256	1.236	1.347	1.375	1.305	0.879	0.905	0.931	0.898	0.935	0.921	1.300	1.267	1.245	1.330	1.216	1.342	0.128	0.134	0.134	1.203	1.242	1.208	1.193	1.218	1.203	1.272	1.140	1.302	0.880	0.176	0.145	0.834	0.995	0.520	1.239	1.197	1.208	1.247	1.209	1.324	0.133	0.138	0.140	1.051	1.061	1.048	1.074	1.092	1.072	1.142	1.214	1.177	1.100	1.026	1.059	1.039	1.119	1.085	1.104	1.106	1.073	1.117	1.186	1.171	0.141	0.148	0.147	0.147	0.145	0.143	0.113	0.090	0.110	1.225	1.126	1.035	0.131	0.142	0.135	0.137	0.136	0.130	0.089	0.089	0.090	1.219	1.143	1.050
19:00:03	24.0	0.114	0.128	0.122	1.229	1.273	1.232	1.274	1.260	1.241	1.355	1.386	1.311	0.885	0.913	0.935	0.904	0.941	0.926	1.306	1.272	1.252	1.333	1.222	1.348	0.129	0.134	0.134	1.201	1.245	1.215	1.198	1.229	1.210	1.277	1.145	1.310	0.887	0.186	0.146	0.837	1.003	0.524	1.245	1.201	1.217	1.257	1.218	1.327	0.132	0.142	0.141	1.056	1.065	1.056	1.080	1.097	1.077	1.149	1.224	1.185	1.110	1.031	1.063	1.044	1.123	1.093	1.112	1.114	1.082	1.125	1.195	1.178	0.141	0.148	0.149	0.149	0.144	0.145	0.111	0.089	0.110	1.233	1.132	1.043	0.132	0.142	0.135	0.138	0.137	0.133	0.089	0.089	0.090	1.226	1.148	1.059
19:15:03	24.0	0.114	0.128	0.122	1.234	1.283	1.239	1.277	1.267	1.247	1.361	1.385	1.316	0.892	0.918	0.937	0.908	0.946	0.932	1.313	1.280	1.257	1.342	1.231	1.355	0.128	0.134	0.133	1.212	1.248	1.219	1.203	1.235	1.215	1.284	1.148	1.313	0.892	0.197	0.145	0.837	1.005	0.526	1.249	1.205	1.220	1.262	1.220	1.333	0.132	0.140	0.139	1.060	1.071	1.059	1.082	1.102	1.082	1.155	1.228	1.190	1.115	1.035	1.067	1.045	1.127	1.097	1.119	1.116	1.087	1.128	1.199	1.186	0.140	0.148	0.146	0.148	0.143	0.143	0.110	0.089	0.107	1.241	1.139	1.051	0.130	0.142	0.135	0.137	0.135	0.128	0.089	0.089	0.090	1.235	1.158	1.067
19:30:03	24.0	0.114	0.128	0.124	1.245	1.291	1.248	1.287	1.276	1.256	1.366	1.391	1.324	0.896	0.923	0.945	0.917	0.954	0.939	1.323	1.287	1.267	1.350	1.243	1.365	0.128	0.134	0.136	1.216	1.259	1.226	1.209	1.237	1.222	1.290	1.152	1.319	0.897	0.208	0.150	0.847	1.014	0.537	1.257	1.213	1.226	1.270	1.223	1.339	0.132	0.140	0.141	1.070	1.078	1.069	1.089	1.108	1.091	1.165	1.238	1.194	1.122	1.038	1.075	1.050	1.132	1.109	1.126	1.127	1.093	1.141	1.210	1.194	0.141	0.147	0.148	0.149	0.147	0.145	0.111	0.089	0.110	1.251	1.146	1.057	0.135	0.143	0.136	0.138	0.139	0.135	0.089	0.089	0.090	1.243	1.162	1.071
19:45:03	24.0	0.115	0.129	0.125	1.254	1.300	1.259	1.297	1.285	1.266	1.377	1.404	1.330	0.902	0.930	0.948	0.925	0.960	0.943	1.330	1.292	1.272	1.361	1.248	1.371	0.128	0.135	0.136	1.223	1.264	1.232	1.214	1.244	1.229	1.298	1.157	1.321	0.906	0.218	0.152	0.849	1.024	0.548	1.264	1.219	1.235	1.276	1.230	1.344	0.133	0.139	0.142	1.073	1.087	1.073	1.095	1.117	1.099	1.175	1.242	1.204	1.135	1.042	1.079	1.059	1.139	1.112	1.134	1.132	1.101	1.148	1.212	1.198	0.143	0.148	0.150	0.150	0.147	0.146	0.108	0.089	0.102	1.259	1.151	1.066	0.131	0.146	0.136	0.140	0.137	0.131	0.089	0.089	0.090	1.248	1.164	1.083
20:00:03	24.0	0.113	0.126	0.122	1.252	1.299	1.262	1.298	1.285	1.265	1.377	1.397	1.331	0.909	0.935	0.954	0.928	0.961	0.948	1.329	1.295	1.275	1.360	1.255	1.376	0.128	0.133	0.133	1.225	1.266	1.237	1.219	1.249	1.232	1.299	1.159	1.325	0.908	0.225	0.152	0.852	1.024	0.551	1.268	1.225	1.237	1.280	1.232	1.347	0.132	0.139	0.140	1.082	1.089	1.076	1.101	1.117	1.101	1.177	1.252	1.205	1.134	1.044	1.082	1.062	1.140	1.121	1.137	1.137	1.104	1.156	1.227	1.203	0.140	0.146	0.146	0.147	0.144	0.143	0.107	0.089	0.090	1.271	1.159	1.077	0.131	0.143	0.135	0.136	0.135	0.129	0.089	0.089	0.090	1.261	1.178	1.089
20:15:03	24.0	0.115	0.127	0.121	1.261	1.304	1.266	1.303	1.291	1.269	1.384	1.390	1.337	0.915	0.938	0.960	0.934	0.968	0.953	1.337	1.301	1.280	1.364	1.254	1.380	0.127	0.133	0.134	1.235	1.274	1.241	1.223	1.255	1.238	1.306	1.159	1.326	0.917	0.237	0.155	0.856	1.029	0.561	1.271	1.228	1.239	1.287	1.232	1.350	0.131	0.140	0.139	1.081	1.090	1.079	1.105	1.124	1.104	1.181	1.255	1.209	1.146	1.049	1.087	1.073	1.144	1.120	1.141	1.143	1.110	1.157	1.229	1.205	0.141	0.147	0.149	0.149	0.143	0.143	0.114	0.089	0.111	1.276	1.159	1.079	0.131	0.144	0.135	0.136	0.135	0.131	0.089	0.089	0.090	1.263	1.175	1.095
20:30:03	24.1	0.114	0.127	0.122	1.270	1.314	1.276	1.307	1.297	1.276	1.391	1.409	1.340	0.922	0.951	0.967	0.941	0.975	0.961	1.340	1.307	1.288	1.372	1.274	1.390	0.128	0.134	0.135	1.238	1.282	1.248	1.230	1.259	1.243	1.313	1.173	1.331	0.920	0.252	0.158	0.862	1.039	0.565	1.278	1.235	1.247	1.291	1.250	1.355	0.133	0.140	0.141	1.089	1.099	1.090	1.111	1.130	1.114	1.193	1.269	1.213	1.151	1.055	1.092	1.077	1.154	1.131	1.145	1.151	1.117	1.167	1.242	1.212	0.140	0.149	0.147	0.146	0.145	0.145	0.115	0.090	0.114	1.283	1.165	1.086	0.133	0.144	0.136	0.138	0.138	0.136	0.089	0.089	0.090	1.273	1.181	1.105
20:45:03	24.1	0.112	0.127	0.123	1.275	1.320	1.286	1.319	1.305	1.285	1.395	1.412	1.345	0.924	0.956	0.972	0.950	0.980	0.968	1.350	1.315	1.295	1.377	1.282	1.395	0.127	0.134	0.135	1.244	1.285	1.253	1.236	1.267	1.250	1.319	1.179	1.335	0.925	0.263	0.162	0.865	1.044	0.574	1.283	1.237	1.251	1.298	1.255	1.359	0.132	0.140	0.142	1.095	1.104	1.092	1.119	1.138	1.120	1.199	1.278	1.220	1.156	1.058	1.096	1.086	1.161	1.137	1.153	1.158	1.121	1.176	1.252	1.217	0.140	0.147	0.147	0.149	0.146	0.145	0.109	0.089	0.107	1.292	1.172	1.094	0.131	0.143	0.136	0.138	0.137	0.133	0.089	0.089	0.090	1.285	1.191	1.114
21:00:03	24.1	0.115	0.128	0.124	1.280	1.324	1.289	1.320	1.309	1.286	1.400	1.403	1.348	0.932	0.961	0.977	0.956	0.984	0.972	1.354	1.317	1.300	1.380	1.281	1.400	0.129	0.135	0.136	1.251	1.291	1.260	1.239	1.270	1.253	1.322	1.175	1.337	0.934	0.278	0.166	0.868	1.053	0.581	1.286	1.245	1.256	1.299	1.250	1.360	0.136	0.141	0.142	1.104	1.110	1.099	1.119	1.141	1.127	1.204	1.280	1.227	1.167	1.063	1.103	1.096	1.166	1.143	1.159	1.161	1.125	1.182	1.253	1.221	0.142	0.149	0.147	0.149	0.145	0.146	0.113	0.090	0.113	1.297	1.175	1.099	0.134	0.144	0.137	0.139	0.140	0.136	0.089	0.089	0.090	1.290	1.191	1.119
21:15:03	24.1	0.112	0.126	0.122	1.286	1.328	1.294	1.328	1.314	1.292	1.404	1.408	1.353	0.936	0.965	0.982	0.959	0.990	0.978	1.360	1.326	1.305	1.387	1.292	1.406	0.127	0.133	0.133	1.256	1.294	1.264	1.245	1.278	1.261	1.332	1.183	1.344	0.938	0.291	0.169	0.875	1.055	0.587	1.293	1.248	1.262	1.310	1.259	1.368	0.132	0.140	0.141	1.103	1.113	1.104	1.130	1.146	1.129	1.211	1.292	1.235	1.170	1.068	1.109	1.095	1.171	1.145	1.163	1.167	1.132	1.191	1.265	1.231	0.140	0.148	0.146	0.148	0.145	0.145	0.114	0.089	0.111	1.305	1.181	1.109	0.130	0.143	0.137	0.137	0.139	0.134	0.089	0.089	0.090	1.296	1.194	1.130
21:30:03	24.2	0.113	0.128	0.122	1.294	1.331	1.298	1.331	1.318	1.298	1.406	1.426	1.357	0.943	0.968	0.989	0.967	0.996	0.984	1.365	1.329	1.310	1.390	1.302	1.411	0.127	0.134	0.133	1.262	1.300	1.268	1.250	1.282	1.263	1.335	1.187	1.345	0.942	0.306	0.175	0.877	1.060	0.594	1.299	1.253	1.265	1.312	1.264	1.367	0.132	0.139	0.139	1.108	1.118	1.107	1.135	1.146	1.133	1.218	1.300	1.236	1.177	1.071	1.111	1.101	1.175	1.150	1.171	1.171	1.135	1.199	1.271	1.231	0.140	0.146	0.147	0.147	0.142	0.144	0.110	0.089	0.109	1.312	1.185	1.112	0.128	0.140	0.133	0.137	0.136	0.129	0.089	0.089	0.090	1.304	1.201	1.139
21:45:03	24.2	0.113	0.127	0.121	1.295	1.335	1.304	1.336	1.323	1.302	1.414	1.419	1.359	0.951	0.974	0.990	0.973	0.999	0.989	1.367	1.335	1.314	1.400	1.305	1.417	0.128	0.133	0.132	1.266	1.303	1.271	1.254	1.287	1.270	1.341	1.186	1.354	0.953	0.323	0.181	0.879	1.066	0.601	1.305	1.258	1.269	1.320	1.265	1.374	0.134	0.141	0.139	1.112	1.120	1.113	1.140	1.153	1.139	1.226	1.302	1.244	1.183	1.075	1.117	1.105	1.179	1.151	1.176	1.177	1.144	1.206	1.274	1.238	0.141	0.147	0.148	0.148	0.143	0.143	0.111	0.089	0.104	1.320	1.189	1.125	0.131	0.144	0.135	0.136	0.135	0.131	0.089	0.089	0.090	1.310	1.210	1.149
22:00:03	24.2	0.112	0.127	0.122	1.303	1.342	1.308	1.340	1.327	1.306	1.417	1.412	1.363	0.957	0.983	1.001	0.981	1.007	0.995	1.372	1.335	1.319	1.399	1.308	1.423	0.129	0.135	0.134	1.272	1.310	1.277	1.258	1.291	1.273	1.344	1.192	1.356	0.956	0.349	0.189	0.887	1.071	0.605	1.306	1.260	1.275	1.321	1.269	1.376	0.133	0.140	0.141	1.115	1.125	1.118	1.141	1.159	1.144	1.231	1.308	1.248	1.188	1.082	1.123	1.111	1.184	1.157	1.177	1.183	1.146	1.211	1.282	1.244	0.140	0.148	0.146	0.146	0.143	0.142	0.113	0.089	0.109	1.326	1.194	1.130	0.129	0.142	0.136	0.137	0.135	0.129	0.089	0.089	0.090	1.317	1.214	1.154
22:15:03	24.2	0.114	0.130	0.124	1.308	1.346	1.315	1.347	1.333	1.311	1.421	1.423	1.368	0.966	0.992	1.006	0.986	1.012	1.003	1.375	1.343	1.324	1.405	1.323	1.429	0.129	0.133	0.134	1.280	1.315	1.282	1.262	1.296	1.278	1.353	1.203	1.361	0.960	0.368	0.196	0.887	1.076	0.610	1.313	1.270	1.280	1.327	1.281	1.385	0.133	0.140	0.140	1.125	1.129	1.123	1.151	1.164	1.153	1.239	1.320	1.261	1.193	1.087	1.126	1.119	1.192	1.163	1.185	1.192	1.154	1.219	1.293	1.255	0.140	0.148	0.146	0.147	0.143	0.143	0.106	0.089	0.089	1.334	1.201	1.142	0.132	0.143	0.136	0.136	0.135	0.131	0.089	0.089	0.090	1.332	1.225	1.166
22:30:03	24.2	0.113	0.127	0.122	1.310	1.350	1.319	1.349	1.335	1.313	1.425	1.418	1.372	0.971	0.991	1.010	0.993	1.017	1.008	1.380	1.348	1.332	1.409	1.328	1.434	0.128	0.133	0.134	1.282	1.319	1.287	1.267	1.300	1.284	1.358	1.206	1.365	0.964	0.387	0.205	0.893	1.088	0.614	1.316	1.271	1.284	1.331	1.282	1.385	0.132	0.139	0.139	1.128	1.134	1.128	1.153	1.167	1.158	1.250	1.324	1.268	1.199	1.092	1.135	1.124	1.196	1.167	1.193	1.196	1.158	1.229	1.299	1.262	0.141	0.149	0.146	0.146	0.143	0.142	0.112	0.089	0.105	1.339	1.206	1.150	0.131	0.142	0.135	0.136	0.136	0.129	0.089	0.089	0.090	1.332	1.230	1.175
22:45:03	24.2	0.115	0.128	0.123	1.314	1.353	1.324	1.355	1.341	1.319	1.432	1.414	1.377	0.976	0.998	1.016	1.002	1.024	1.015	1.386	1.353	1.335	1.417	1.333	1.439	0.127	0.133	0.134	1.287	1.323	1.292	1.271	1.306	1.288	1.362	1.207	1.367	0.969	0.415	0.213	0.895	1.089	0.617	1.321	1.276	1.293	1.339	1.287	1.386	0.132	0.139	0.140	1.134	1.141	1.135	1.157	1.175	1.165	1.255	1.329	1.272	1.206	1.098	1.138	1.128	1.203	1.176	1.200	1.200	1.163	1.235	1.303	1.270	0.140	0.148	0.146	0.147	0.144	0.144	0.112	0.089	0.110	1.343	1.211	1.160	0.129	0.142	0.135	0.136	0.136	0.130	0.089	0.089	0.090	1.338	1.231	1.186
23:00:03	24.2	0.114	0.128	0.122	1.322	1.360	1.333	1.361	1.346	1.325	1.439	1.417	1.380	0.984	1.010	1.024	1.008	1.030	1.025	1.393	1.358	1.337	1.421	1.340	1.446	0.128	0.135	0.134	1.292	1.327	1.298	1.275	1.310	1.292	1.366	1.211	1.370	0.975	0.434	0.223	0.901	1.094	0.618	1.325	1.281	1.294	1.341	1.292	1.390	0.133	0.140	0.139	1.138	1.146	1.139	1.169	1.180	1.173	1.263	1.336	1.280	1.213	1.102	1.146	1.133	1.209	1.175	1.206	1.206	1.169	1.242	1.308	1.277	0.141	0.147	0.146	0.148	0.143	0.142	0.111	0.089	0.110	1.349	1.214	1.163	0.131	0.142	0.135	0.136	0.134	0.129	0.089	0.089	0.090	1.342	1.232	1.192
23:15:03	24.2	0.114	0.126	0.121	1.322	1.363	1.333	1.361	1.350	1.325	1.443	1.411	1.385	0.989	1.008	1.028	1.015	1.035	1.030	1.397	1.361	1.345	1.426	1.346	1.449	0.129	0.134	0.134	1.296	1.331	1.299	1.278	1.312	1.296	1.369	1.220	1.374	0.981	0.464	0.232	0.904	1.098	0.617	1.328	1.283	1.297	1.346	1.301	1.395	0.134	0.140	0.140	1.144	1.151	1.142	1.177	1.182	1.180	1.274	1.342	1.285	1.216	1.106	1.146	1.139	1.213	1.182	1.210	1.210	1.181	1.253	1.315	1.283	0.141	0.146	0.146	0.148	0.145	0.142	0.107	0.090	0.101	1.359	1.223	1.175	0.133	0.143	0.136	0.137	0.136	0.130	0.089	0.089	0.090	1.354	1.249	1.204
23:30:03	24.2	0.114	0.128	0.122	1.333	1.370	1.337	1.368	1.353	1.330	1.445	1.414	1.388	0.997	1.018	1.037	1.024	1.041	1.036	1.401	1.366	1.348	1.431	1.353	1.455	0.130	0.135	0.135	1.298	1.335	1.304	1.282	1.316	1.299	1.376	1.224	1.377	0.987	0.503	0.243	0.906	1.104	0.617	1.333	1.287	1.301	1.350	1.305	1.399	0.135	0.141	0.141	1.150	1.156	1.150	1.180	1.187	1.186	1.282	1.346	1.292	1.225	1.112	1.156	1.141	1.218	1.186	1.213	1.215	1.186	1.260	1.319	1.291	0.143	0.148	0.149	0.149	0.145	0.143	0.111	0.089	0.103	1.365	1.227	1.185	0.136	0.146	0.138	0.137	0.136	0.130	0.089	0.089	0.090	1.358	1.252	1.212
23:45:03	24.2	0.114	0.128	0.122	1.334	1.371	1.346	1.373	1.357	1.335	1.449	1.402	1.389	1.001	1.020	1.042	1.030	1.046	1.041	1.404	1.369	1.351	1.436	1.353	1.456	0.130	0.134	0.135	1.301	1.339	1.305	1.286	1.317	1.303	1.379	1.225	1.381	0.991	0.567	0.252	0.916	1.109	0.617	1.335	1.289	1.304	1.354	1.306	1.401	0.132	0.138	0.141	1.151	1.160	1.157	1.181	1.194	1.189	1.290	1.346	1.298	1.227	1.117	1.158	1.150	1.225	1.191	1.218	1.222	1.194	1.267	1.319	1.296	0.141	0.148	0.148	0.150	0.144	0.142	0.109	0.089	0.101	1.366	1.229	1.190	0.134	0.145	0.137	0.138	0.134	0.128	0.089	0.089	0.090	1.362	1.254	1.218
0:00:00																																																																																																	

Results
	1	2	3	4	5	6	7	8	9	10	11	12
A	0.070	0.227	0.211	2.759	3.082	3.042	3.214	3.318	3.099	3.717	5.396	3.833	Max V [Read:600]
	0.699	0.890	0.858	0.997	1.000	0.990	0.999	0.997	0.999	0.995	0.984	1.000	R-Squared [Read:600]
	0:30:03	0:30:03	0:30:03	7:30:02	5:30:02	7:00:02	5:30:02	6:30:02	5:30:02	7:00:02	4:45:02	3:30:02	t at Max V [Read:600]
	0:15:28	0:04:54	0:04:35	4:57:38	3:41:57	3:49:41	3:46:17	3:57:16	3:44:18	4:13:12	3:25:22	1:31:09	Lagtime [Read:600]
B	2.897	3.796	4.014	4.101	3.793	4.932	4.009	3.635	3.509	4.441	5.787	5.288	Max V [Read:600]
	0.998	0.998	0.996	0.999	0.970	0.964	0.998	0.999	1.000	0.998	0.993	0.996	R-Squared [Read:600]
	12:45:03	13:45:02	12:45:03	14:45:03	14:15:03	14:15:03	5:30:02	5:30:02	6:45:02	5:45:02	4:45:02	3:00:02	t at Max V [Read:600]
	10:23:47	11:35:23	11:05:04	12:24:38	11:27:19	12:26:38	3:51:44	3:45:10	3:52:35	4:05:49	3:24:47	1:46:50	Lagtime [Read:600]
C	0.271	0.392	0.374	3.648	3.574	4.046	3.721	3.703	3.925	4.665	5.290	5.702	Max V [Read:600]
	0.925	0.891	0.900	0.996	0.995	0.999	0.999	0.999	0.995	0.994	0.990	0.995	R-Squared [Read:600]
	0:30:03	0:30:03	0:30:03	8:15:02	6:45:02	5:30:02	5:30:02	5:15:02	5:30:02	5:30:02	5:00:02	3:30:02	t at Max V [Read:600]
	0:06:37	0:03:58	0:04:55	5:20:38	3:55:55	3:47:57	3:35:20	3:35:45	3:45:51	3:47:41	3:21:15	1:52:04	Lagtime [Read:600]
D	3.823	2.480	0.647	6.172	3.902	2.611	5.745	5.130	4.281	4.697	5.168	5.250	Max V [Read:600]
	1.000	0.949	0.999	0.990	0.992	0.989	0.998	0.996	0.994	0.999	0.988	0.997	R-Squared [Read:600]
	15:45:03	23:15:03	23:15:03	15:30:02	13:30:03	10:45:03	5:15:02	6:00:02	6:00:02	5:00:02	5:00:02	3:15:02	t at Max V [Read:600]
	13:57:18	20:47:46	20:08:15	14:17:40	10:54:15	9:20:29	3:51:19	4:16:24	4:00:29	3:41:48	3:11:46	1:42:32	Lagtime [Read:600]
E	0.370	0.492	0.437	3.983	3.419	3.834	3.381	4.037	4.099	4.579	5.658	4.194	Max V [Read:600]
	0.911	0.900	0.909	0.994	0.993	0.998	0.990	0.995	0.998	1.000	0.990	0.999	R-Squared [Read:600]
	0:30:03	0:30:03	0:30:03	8:00:02	7:15:02	5:45:02	7:15:02	6:00:02	5:45:02	5:30:02	5:00:02	3:15:02	t at Max V [Read:600]
	0:07:07	0:04:19	0:05:10	5:56:29	4:24:18	4:11:39	4:29:12	4:16:32	4:22:31	4:11:05	3:38:20	1:44:08	Lagtime [Read:600]
F	5.087	3.538	3.875	3.685	4.071	4.037	4.131	4.138	3.650	3.263	5.996	3.781	Max V [Read:600]
	0.984	0.989	0.997	0.994	0.996	0.999	1.000	0.998	0.999	0.993	0.987	0.998	R-Squared [Read:600]
	8:30:02	8:30:02	8:15:02	7:45:02	6:00:02	5:30:02	5:30:02	5:45:02	5:30:02	7:15:02	5:00:02	3:30:02	t at Max V [Read:600]
	6:38:57	5:56:31	5:55:49	5:56:19	4:27:26	4:15:40	4:08:38	4:12:36	4:06:37	4:14:35	3:38:13	1:38:21	Lagtime [Read:600]
G	0.600	0.613	0.581	0.609	0.529	0.538	0.317	0.004	0.306	5.194	4.103	4.085	Max V [Read:600]
	0.898	0.913	0.925	0.925	0.908	0.895	0.925	0.692	0.678	0.997	0.996	0.999	R-Squared [Read:600]
	0:30:03	0:30:03	0:30:03	0:30:03	0:30:03	0:30:03	2:00:02	17:00:03	18:45:03	5:30:02	6:00:02	5:30:02	t at Max V [Read:600]
	0:04:15	0:04:35	0:05:29	0:05:43	0:05:29	0:06:22	1:23:17	18:05:02	17:58:54	4:17:24	4:10:34	4:15:50	Lagtime [Read:600]
H	0.445	0.533	0.388	0.415	0.407	0.303	-0.003	0.007	0.003	4.264	3.421	4.456	Max V [Read:600]
	0.835	0.892	0.882	0.882	0.896	0.914	0.782	0.796	0.333	0.999	0.995	0.999	R-Squared [Read:600]
	0:30:03	0:30:03	0:45:02	0:45:02	0:45:02	0:45:02	11:45:03	18:15:03	18:45:03	5:45:02	6:00:02	5:15:02	t at Max V [Read:600]
	0:08:35	0:06:57	0:15:42	0:17:32	0:16:39	0:20:46	10:57:03	18:34:08	19:30:03	4:14:22	3:59:29	4:07:12	Lagtime [Read:600]

