Time	T° Read:600	A1	A2	A3	A4	A5	A6	A7	A8	A9	A10	A11	A12	B1	B2	B3	B4	B5	B6	B7	B8	B9	B10	B11	B12	C1	C2	C3	C4	C5	C6	C7	C8	C9	C10	C11	C12	D1	D2	D3	D4	D5	D6	D7	D8	D9	D10	D11	D12	E1	E2	E3	E4	E5	E6	E7	E8	E9	E10	E11	E12	F1	F2	F3	F4	F5	F6	F7	F8	F9	F10	F11	F12	G1	G2	G3	G4	G5	G6	G7	G8	G9	G10	G11	G12	H1	H2	H3	H4	H5	H6	H7	H8	H9	H10	H11	H12
0:00:03	23.6	0.093	0.093	0.093	0.094	0.093	0.094	0.094	0.094	0.095	0.094	0.089	0.100	0.093	0.094	0.093	0.094	0.095	0.094	0.096	0.094	0.095	0.094	0.088	0.100	0.089	0.090	0.089	0.090	0.089	0.090	0.090	0.089	0.089	0.094	0.089	0.090	0.095	0.094	0.094	0.095	0.094	0.095	0.095	0.095	0.095	0.094	0.090	0.101	0.094	0.095	0.095	0.096	0.095	0.095	0.095	0.095	0.095	0.094	0.090	0.101	0.090	0.091	0.091	0.090	0.090	0.090	0.090	0.089	0.089	0.093	0.090	0.090	0.094	0.095	0.095	0.095	0.095	0.095	0.095	0.095	0.095	0.093	0.093	0.093	0.095	0.095	0.095	0.095	0.095	0.095	0.080	0.089	0.090	0.094	0.093	0.094
0:15:03	23.6	0.093	0.093	0.093	0.093	0.093	0.093	0.094	0.094	0.095	0.094	0.089	0.101	0.093	0.094	0.093	0.093	0.094	0.094	0.096	0.094	0.095	0.094	0.088	0.101	0.089	0.089	0.089	0.090	0.092	0.094	0.093	0.091	0.095	0.094	0.089	0.089	0.094	0.095	0.094	0.095	0.094	0.094	0.095	0.095	0.095	0.094	0.089	0.102	0.094	0.095	0.094	0.095	0.094	0.095	0.094	0.094	0.094	0.094	0.089	0.102	0.089	0.090	0.091	0.093	0.097	0.100	0.100	0.099	0.099	0.093	0.090	0.090	0.094	0.094	0.095	0.095	0.094	0.095	0.095	0.095	0.094	0.093	0.093	0.093	0.095	0.094	0.094	0.094	0.095	0.094	0.080	0.089	0.090	0.094	0.093	0.094
0:30:02	23.7	0.093	0.098	0.098	0.098	0.096	0.099	0.098	0.098	0.100	0.101	0.091	0.104	0.099	0.108	0.107	0.106	0.107	0.107	0.108	0.105	0.104	0.105	0.097	0.104	0.089	0.095	0.100	0.103	0.103	0.105	0.107	0.104	0.105	0.106	0.098	0.090	0.099	0.111	0.109	0.109	0.107	0.105	0.107	0.107	0.106	0.106	0.098	0.106	0.098	0.110	0.108	0.110	0.109	0.107	0.105	0.107	0.106	0.107	0.099	0.105	0.089	0.105	0.109	0.110	0.109	0.110	0.109	0.108	0.109	0.105	0.100	0.090	0.107	0.114	0.110	0.110	0.110	0.112	0.112	0.111	0.110	0.111	0.115	0.104	0.095	0.104	0.102	0.098	0.099	0.099	0.080	0.089	0.089	0.096	0.102	0.093
0:45:02	23.8	0.094	0.102	0.101	0.100	0.099	0.104	0.103	0.104	0.106	0.106	0.096	0.110	0.106	0.112	0.111	0.110	0.110	0.110	0.113	0.109	0.110	0.110	0.103	0.111	0.089	0.100	0.104	0.106	0.106	0.107	0.108	0.106	0.107	0.114	0.105	0.090	0.106	0.115	0.114	0.115	0.115	0.111	0.113	0.115	0.117	0.115	0.106	0.114	0.105	0.115	0.114	0.117	0.115	0.113	0.113	0.115	0.115	0.118	0.110	0.118	0.089	0.112	0.113	0.114	0.112	0.112	0.111	0.110	0.111	0.114	0.110	0.091	0.116	0.121	0.118	0.115	0.117	0.119	0.120	0.119	0.117	0.119	0.124	0.113	0.103	0.115	0.113	0.109	0.108	0.110	0.080	0.089	0.089	0.104	0.113	0.096
1:00:02	23.8	0.094	0.103	0.102	0.102	0.100	0.103	0.103	0.105	0.105	0.107	0.098	0.118	0.107	0.113	0.113	0.111	0.113	0.112	0.112	0.111	0.110	0.110	0.105	0.122	0.089	0.104	0.108	0.109	0.108	0.111	0.113	0.110	0.111	0.115	0.107	0.092	0.110	0.119	0.117	0.118	0.117	0.115	0.113	0.118	0.119	0.115	0.108	0.127	0.109	0.119	0.116	0.120	0.119	0.115	0.116	0.119	0.119	0.118	0.111	0.130	0.089	0.113	0.117	0.118	0.116	0.116	0.115	0.114	0.115	0.116	0.113	0.095	0.118	0.122	0.120	0.121	0.121	0.122	0.126	0.126	0.121	0.121	0.128	0.117	0.109	0.120	0.117	0.115	0.116	0.119	0.081	0.089	0.089	0.112	0.118	0.099
1:15:02	23.8	0.094	0.102	0.103	0.103	0.102	0.105	0.104	0.105	0.107	0.107	0.103	0.132	0.105	0.113	0.113	0.112	0.113	0.113	0.114	0.110	0.109	0.113	0.110	0.138	0.089	0.101	0.108	0.110	0.108	0.111	0.113	0.110	0.112	0.116	0.111	0.094	0.109	0.119	0.118	0.120	0.117	0.116	0.116	0.119	0.120	0.118	0.112	0.142	0.108	0.119	0.118	0.121	0.122	0.117	0.118	0.120	0.121	0.122	0.115	0.146	0.089	0.112	0.117	0.119	0.118	0.118	0.117	0.115	0.117	0.118	0.117	0.098	0.116	0.122	0.122	0.122	0.124	0.125	0.126	0.127	0.122	0.123	0.131	0.120	0.108	0.119	0.119	0.118	0.118	0.121	0.081	0.088	0.089	0.112	0.120	0.100
1:30:02	23.9	0.095	0.103	0.102	0.101	0.100	0.103	0.104	0.105	0.106	0.107	0.103	0.147	0.108	0.114	0.113	0.111	0.112	0.112	0.113	0.110	0.109	0.111	0.112	0.152	0.089	0.104	0.110	0.112	0.111	0.113	0.115	0.112	0.113	0.114	0.111	0.095	0.110	0.119	0.117	0.120	0.116	0.115	0.115	0.118	0.119	0.116	0.111	0.155	0.110	0.119	0.119	0.120	0.119	0.116	0.117	0.119	0.120	0.120	0.115	0.160	0.089	0.114	0.119	0.122	0.122	0.122	0.119	0.116	0.121	0.116	0.115	0.099	0.117	0.123	0.121	0.120	0.121	0.121	0.124	0.124	0.120	0.121	0.127	0.119	0.107	0.118	0.118	0.115	0.115	0.117	0.081	0.089	0.089	0.109	0.118	0.100
1:45:02	23.9	0.096	0.104	0.103	0.103	0.103	0.105	0.105	0.105	0.107	0.108	0.114	0.164	0.109	0.116	0.115	0.113	0.115	0.114	0.115	0.111	0.110	0.113	0.119	0.174	0.089	0.104	0.109	0.112	0.111	0.114	0.115	0.113	0.115	0.116	0.117	0.102	0.111	0.119	0.118	0.121	0.118	0.117	0.117	0.120	0.121	0.119	0.116	0.180	0.112	0.120	0.120	0.122	0.121	0.119	0.119	0.120	0.121	0.122	0.120	0.181	0.089	0.115	0.122	0.125	0.126	0.127	0.122	0.119	0.126	0.119	0.121	0.103	0.117	0.124	0.123	0.120	0.123	0.124	0.125	0.124	0.120	0.123	0.130	0.121	0.108	0.119	0.120	0.114	0.115	0.119	0.081	0.089	0.090	0.110	0.118	0.100
2:00:02	23.9	0.098	0.105	0.104	0.104	0.103	0.105	0.106	0.107	0.109	0.110	0.130	0.185	0.110	0.117	0.115	0.114	0.115	0.114	0.114	0.112	0.111	0.113	0.126	0.202	0.089	0.106	0.111	0.114	0.113	0.116	0.118	0.116	0.120	0.116	0.124	0.111	0.111	0.120	0.119	0.121	0.118	0.116	0.118	0.120	0.120	0.119	0.121	0.211	0.112	0.120	0.120	0.122	0.121	0.120	0.119	0.121	0.121	0.122	0.124	0.212	0.089	0.115	0.122	0.128	0.131	0.132	0.126	0.123	0.130	0.119	0.126	0.109	0.118	0.123	0.121	0.119	0.122	0.124	0.127	0.126	0.121	0.123	0.129	0.122	0.111	0.119	0.118	0.116	0.115	0.119	0.081	0.088	0.089	0.111	0.119	0.101
2:15:02	23.9	0.097	0.106	0.105	0.105	0.104	0.106	0.106	0.106	0.109	0.110	0.153	0.213	0.111	0.116	0.117	0.114	0.116	0.116	0.114	0.111	0.110	0.114	0.139	0.240	0.089	0.105	0.110	0.113	0.113	0.117	0.118	0.116	0.122	0.116	0.135	0.127	0.110	0.118	0.118	0.122	0.119	0.118	0.119	0.122	0.122	0.120	0.127	0.244	0.113	0.121	0.121	0.124	0.121	0.121	0.120	0.122	0.123	0.122	0.130	0.248	0.089	0.115	0.122	0.132	0.136	0.136	0.129	0.125	0.134	0.119	0.131	0.114	0.117	0.125	0.123	0.119	0.122	0.123	0.125	0.124	0.120	0.122	0.127	0.119	0.110	0.119	0.120	0.117	0.115	0.118	0.081	0.089	0.089	0.109	0.117	0.099
2:30:02	23.9	0.100	0.108	0.107	0.108	0.106	0.109	0.108	0.109	0.111	0.112	0.181	0.252	0.115	0.119	0.119	0.116	0.118	0.118	0.115	0.112	0.111	0.117	0.158	0.282	0.089	0.104	0.110	0.114	0.113	0.117	0.119	0.117	0.126	0.117	0.151	0.151	0.108	0.120	0.119	0.125	0.121	0.120	0.121	0.124	0.124	0.123	0.141	0.286	0.113	0.123	0.123	0.125	0.125	0.121	0.123	0.125	0.126	0.125	0.143	0.292	0.089	0.115	0.122	0.135	0.138	0.139	0.134	0.128	0.139	0.119	0.143	0.127	0.117	0.124	0.123	0.119	0.123	0.125	0.126	0.126	0.122	0.123	0.128	0.120	0.108	0.119	0.119	0.116	0.116	0.119	0.081	0.089	0.089	0.111	0.119	0.100
2:45:02	23.9	0.104	0.110	0.109	0.110	0.110	0.110	0.109	0.111	0.112	0.114	0.216	0.289	0.117	0.122	0.121	0.117	0.121	0.118	0.114	0.111	0.109	0.118	0.181	0.315	0.089	0.105	0.110	0.113	0.114	0.119	0.120	0.119	0.127	0.115	0.168	0.185	0.109	0.120	0.118	0.127	0.124	0.123	0.123	0.125	0.126	0.123	0.154	0.334	0.116	0.125	0.125	0.128	0.127	0.124	0.124	0.126	0.126	0.127	0.157	0.342	0.089	0.116	0.122	0.137	0.140	0.141	0.136	0.130	0.141	0.118	0.158	0.143	0.117	0.123	0.122	0.119	0.122	0.123	0.125	0.126	0.121	0.122	0.128	0.118	0.108	0.119	0.118	0.116	0.115	0.117	0.082	0.089	0.090	0.111	0.120	0.101
3:00:02	23.9	0.108	0.114	0.114	0.116	0.115	0.115	0.114	0.115	0.116	0.117	0.259	0.328	0.121	0.127	0.126	0.120	0.123	0.121	0.114	0.111	0.110	0.122	0.209	0.355	0.089	0.106	0.110	0.115	0.116	0.120	0.123	0.120	0.129	0.115	0.195	0.230	0.107	0.118	0.117	0.131	0.128	0.127	0.127	0.129	0.128	0.128	0.177	0.398	0.120	0.129	0.128	0.132	0.130	0.128	0.128	0.129	0.128	0.130	0.179	0.407	0.089	0.116	0.123	0.138	0.140	0.141	0.137	0.131	0.141	0.118	0.178	0.169	0.117	0.124	0.121	0.118	0.122	0.123	0.124	0.124	0.120	0.121	0.126	0.118	0.108	0.118	0.119	0.116	0.114	0.115	0.081	0.089	0.089	0.109	0.118	0.099
3:15:02	23.9	0.118	0.124	0.125	0.127	0.125	0.123	0.121	0.125	0.123	0.125	0.328	0.372	0.131	0.141	0.137	0.126	0.129	0.126	0.115	0.112	0.112	0.130	0.247	0.399	0.089	0.106	0.111	0.115	0.118	0.124	0.125	0.123	0.132	0.119	0.236	0.292	0.109	0.119	0.119	0.139	0.137	0.134	0.134	0.137	0.136	0.135	0.202	0.464	0.127	0.135	0.135	0.140	0.136	0.135	0.136	0.136	0.136	0.137	0.203	0.477	0.089	0.115	0.123	0.140	0.143	0.143	0.141	0.136	0.144	0.119	0.211	0.207	0.117	0.124	0.122	0.119	0.123	0.126	0.127	0.126	0.123	0.124	0.129	0.120	0.109	0.118	0.119	0.116	0.117	0.119	0.081	0.089	0.090	0.111	0.119	0.100
3:30:02	23.9	0.130	0.133	0.134	0.137	0.134	0.131	0.127	0.132	0.130	0.131	0.387	0.416	0.142	0.152	0.146	0.128	0.134	0.128	0.114	0.111	0.110	0.138	0.299	0.442	0.089	0.108	0.112	0.116	0.118	0.123	0.126	0.124	0.135	0.116	0.280	0.326	0.108	0.119	0.117	0.149	0.147	0.144	0.143	0.144	0.142	0.142	0.231	0.544	0.137	0.145	0.144	0.149	0.146	0.142	0.144	0.144	0.143	0.144	0.233	0.567	0.089	0.117	0.124	0.142	0.145	0.146	0.142	0.137	0.147	0.119	0.255	0.250	0.116	0.124	0.123	0.119	0.122	0.123	0.125	0.125	0.121	0.122	0.127	0.118	0.108	0.118	0.120	0.118	0.115	0.117	0.082	0.089	0.090	0.110	0.118	0.098
3:45:02	23.9	0.149	0.149	0.146	0.154	0.151	0.143	0.137	0.145	0.143	0.143	0.454	0.460	0.158	0.168	0.160	0.136	0.139	0.134	0.114	0.111	0.110	0.147	0.352	0.484	0.089	0.106	0.112	0.116	0.120	0.127	0.128	0.126	0.135	0.116	0.333	0.384	0.110	0.120	0.119	0.166	0.163	0.158	0.159	0.159	0.155	0.156	0.274	0.605	0.153	0.159	0.159	0.163	0.160	0.158	0.157	0.157	0.153	0.157	0.270	0.660	0.089	0.115	0.124	0.142	0.145	0.145	0.143	0.138	0.146	0.118	0.316	0.303	0.116	0.123	0.122	0.119	0.123	0.124	0.126	0.125	0.121	0.123	0.127	0.117	0.106	0.117	0.118	0.116	0.114	0.115	0.082	0.088	0.089	0.109	0.119	0.098
4:00:03	24.0	0.173	0.166	0.166	0.174	0.173	0.161	0.152	0.162	0.159	0.158	0.514	0.503	0.176	0.191	0.182	0.141	0.148	0.141	0.115	0.112	0.111	0.165	0.406	0.531	0.089	0.107	0.111	0.117	0.122	0.129	0.130	0.127	0.136	0.117	0.384	0.441	0.109	0.119	0.118	0.182	0.181	0.176	0.176	0.176	0.174	0.174	0.327	0.654	0.173	0.177	0.173	0.179	0.177	0.173	0.173	0.175	0.172	0.175	0.320	0.714	0.089	0.116	0.125	0.143	0.145	0.146	0.143	0.138	0.147	0.118	0.380	0.372	0.117	0.124	0.122	0.119	0.123	0.124	0.125	0.125	0.121	0.122	0.126	0.115	0.109	0.118	0.119	0.117	0.115	0.119	0.082	0.088	0.089	0.109	0.116	0.097
4:15:02	24.0	0.206	0.195	0.192	0.204	0.201	0.187	0.175	0.186	0.186	0.180	0.571	0.550	0.206	0.226	0.210	0.150	0.156	0.145	0.114	0.112	0.112	0.184	0.459	0.573	0.089	0.106	0.112	0.117	0.124	0.131	0.132	0.129	0.137	0.115	0.434	0.492	0.110	0.120	0.119	0.207	0.208	0.201	0.206	0.196	0.196	0.196	0.377	0.701	0.200	0.197	0.192	0.199	0.195	0.193	0.194	0.192	0.189	0.195	0.378	0.730	0.089	0.117	0.125	0.144	0.146	0.147	0.145	0.141	0.148	0.119	0.442	0.455	0.118	0.126	0.123	0.119	0.123	0.125	0.126	0.126	0.121	0.123	0.126	0.117	0.108	0.118	0.119	0.117	0.116	0.119	0.082	0.089	0.089	0.109	0.117	0.098
4:30:02	24.0	0.245	0.224	0.223	0.239	0.234	0.218	0.199	0.216	0.213	0.209	0.633	0.591	0.241	0.262	0.245	0.157	0.165	0.154	0.114	0.111	0.110	0.214	0.512	0.614	0.089	0.106	0.111	0.117	0.125	0.132	0.132	0.129	0.136	0.115	0.481	0.538	0.109	0.120	0.118	0.240	0.244	0.237	0.252	0.227	0.231	0.227	0.437	0.721	0.225	0.224	0.219	0.223	0.220	0.216	0.217	0.214	0.209	0.224	0.442	0.742	0.089	0.116	0.124	0.143	0.145	0.146	0.144	0.140	0.147	0.119	0.503	0.535	0.116	0.124	0.122	0.119	0.123	0.124	0.124	0.126	0.121	0.123	0.128	0.117	0.106	0.118	0.118	0.116	0.115	0.118	0.081	0.089	0.089	0.111	0.119	0.099
4:45:02	24.0	0.283	0.263	0.261	0.285	0.280	0.259	0.232	0.255	0.251	0.245	0.702	0.624	0.283	0.305	0.286	0.163	0.172	0.162	0.113	0.110	0.111	0.249	0.565	0.649	0.089	0.107	0.111	0.117	0.124	0.131	0.133	0.130	0.138	0.115	0.530	0.596	0.109	0.119	0.117	0.284	0.297	0.285	0.314	0.273	0.269	0.275	0.503	0.743	0.263	0.255	0.256	0.258	0.253	0.252	0.252	0.247	0.242	0.257	0.506	0.764	0.089	0.118	0.127	0.146	0.147	0.148	0.146	0.142	0.150	0.117	0.556	0.600	0.118	0.125	0.122	0.121	0.122	0.126	0.125	0.124	0.121	0.123	0.127	0.117	0.106	0.119	0.119	0.116	0.115	0.119	0.082	0.089	0.089	0.109	0.117	0.098
5:00:02	24.0	0.334	0.314	0.309	0.337	0.328	0.301	0.273	0.300	0.291	0.291	0.771	0.656	0.334	0.360	0.334	0.171	0.181	0.169	0.115	0.112	0.112	0.293	0.624	0.679	0.089	0.105	0.112	0.117	0.125	0.133	0.133	0.130	0.138	0.118	0.584	0.648	0.110	0.120	0.118	0.343	0.368	0.363	0.374	0.348	0.321	0.333	0.566	0.770	0.305	0.297	0.295	0.297	0.294	0.292	0.292	0.286	0.280	0.296	0.571	0.782	0.089	0.116	0.126	0.145	0.146	0.147	0.147	0.142	0.149	0.119	0.609	0.657	0.116	0.124	0.123	0.120	0.123	0.124	0.126	0.126	0.121	0.123	0.128	0.118	0.107	0.119	0.119	0.116	0.115	0.118	0.081	0.088	0.089	0.109	0.119	0.098
5:15:02	24.0	0.384	0.355	0.348	0.380	0.369	0.349	0.317	0.347	0.343	0.337	0.842	0.681	0.381	0.406	0.382	0.178	0.189	0.179	0.116	0.112	0.111	0.339	0.671	0.701	0.089	0.106	0.112	0.117	0.126	0.133	0.133	0.131	0.138	0.116	0.629	0.701	0.110	0.120	0.120	0.395	0.447	0.439	0.414	0.434	0.368	0.393	0.639	0.789	0.347	0.338	0.337	0.337	0.333	0.333	0.332	0.328	0.321	0.342	0.631	0.795	0.089	0.116	0.126	0.146	0.147	0.147	0.146	0.142	0.149	0.118	0.665	0.700	0.115	0.124	0.122	0.119	0.123	0.125	0.126	0.127	0.121	0.123	0.127	0.117	0.106	0.118	0.118	0.116	0.115	0.118	0.082	0.089	0.089	0.109	0.118	0.099
5:30:02	24.0	0.427	0.395	0.387	0.424	0.410	0.387	0.353	0.388	0.383	0.383	0.906	0.692	0.420	0.453	0.427	0.187	0.199	0.184	0.114	0.111	0.111	0.383	0.718	0.717	0.089	0.106	0.111	0.117	0.125	0.132	0.133	0.131	0.138	0.115	0.667	0.739	0.109	0.119	0.117	0.483	0.529	0.532	0.468	0.525	0.418	0.440	0.700	0.801	0.391	0.383	0.386	0.384	0.381	0.379	0.376	0.371	0.373	0.388	0.676	0.801	0.089	0.117	0.126	0.145	0.146	0.146	0.145	0.141	0.148	0.118	0.718	0.727	0.118	0.123	0.123	0.121	0.123	0.124	0.124	0.124	0.120	0.122	0.127	0.117	0.107	0.119	0.118	0.115	0.115	0.119	0.081	0.089	0.089	0.109	0.116	0.098
5:45:02	24.0	0.477	0.444	0.435	0.474	0.458	0.433	0.397	0.434	0.425	0.424	0.958	0.703	0.469	0.511	0.477	0.198	0.210	0.198	0.115	0.113	0.112	0.425	0.752	0.727	0.089	0.106	0.111	0.118	0.126	0.133	0.134	0.132	0.140	0.117	0.701	0.775	0.108	0.119	0.117	0.543	0.622	0.618	0.551	0.619	0.485	0.514	0.740	0.804	0.440	0.441	0.439	0.436	0.429	0.429	0.429	0.410	0.439	0.444	0.702	0.808	0.089	0.117	0.126	0.145	0.147	0.148	0.146	0.143	0.151	0.120	0.754	0.747	0.117	0.123	0.122	0.121	0.124	0.126	0.126	0.126	0.122	0.124	0.129	0.117	0.106	0.120	0.118	0.116	0.115	0.118	0.082	0.089	0.089	0.110	0.119	0.098
6:00:02	24.0	0.528	0.486	0.480	0.522	0.506	0.482	0.440	0.480	0.474	0.471	0.995	0.707	0.519	0.562	0.532	0.207	0.224	0.208	0.114	0.111	0.110	0.475	0.783	0.731	0.089	0.106	0.111	0.117	0.126	0.133	0.135	0.132	0.140	0.115	0.732	0.812	0.110	0.119	0.118	0.604	0.698	0.698	0.649	0.692	0.553	0.583	0.747	0.808	0.488	0.488	0.495	0.477	0.486	0.478	0.472	0.458	0.491	0.499	0.721	0.820	0.089	0.116	0.127	0.146	0.147	0.148	0.146	0.142	0.149	0.118	0.765	0.742	0.117	0.122	0.123	0.121	0.124	0.124	0.125	0.124	0.121	0.123	0.127	0.115	0.106	0.119	0.118	0.116	0.114	0.115	0.082	0.089	0.090	0.110	0.117	0.098
6:15:02	24.0	0.580	0.537	0.525	0.572	0.557	0.535	0.484	0.531	0.522	0.525	1.014	0.715	0.573	0.614	0.599	0.217	0.234	0.216	0.114	0.112	0.112	0.521	0.814	0.737	0.089	0.106	0.112	0.118	0.127	0.134	0.135	0.132	0.139	0.117	0.763	0.846	0.110	0.120	0.118	0.652	0.764	0.755	0.748	0.741	0.640	0.658	0.760	0.818	0.530	0.513	0.538	0.530	0.529	0.519	0.515	0.504	0.567	0.591	0.740	0.830	0.089	0.117	0.126	0.146	0.147	0.148	0.147	0.143	0.151	0.119	0.775	0.745	0.117	0.123	0.122	0.122	0.125	0.125	0.126	0.125	0.122	0.124	0.129	0.117	0.106	0.119	0.116	0.117	0.117	0.119	0.082	0.089	0.089	0.111	0.119	0.099
6:30:02	24.0	0.623	0.580	0.568	0.616	0.602	0.583	0.529	0.576	0.567	0.573	1.003	0.721	0.615	0.672	0.648	0.233	0.253	0.225	0.114	0.111	0.111	0.576	0.837	0.745	0.089	0.106	0.112	0.118	0.127	0.134	0.135	0.132	0.139	0.117	0.789	0.857	0.110	0.120	0.119	0.682	0.800	0.800	0.798	0.784	0.696	0.750	0.755	0.829	0.569	0.564	0.584	0.570	0.577	0.552	0.553	0.546	0.631	0.691	0.743	0.840	0.089	0.117	0.126	0.146	0.147	0.148	0.146	0.142	0.149	0.119	0.767	0.750	0.117	0.123	0.123	0.120	0.123	0.124	0.124	0.126	0.121	0.123	0.127	0.118	0.106	0.119	0.117	0.117	0.115	0.117	0.082	0.089	0.089	0.109	0.118	0.099
6:45:02	24.0	0.662	0.623	0.606	0.657	0.643	0.623	0.566	0.618	0.610	0.616	0.975	0.729	0.661	0.721	0.696	0.250	0.274	0.242	0.114	0.111	0.110	0.610	0.837	0.751	0.089	0.106	0.111	0.118	0.127	0.134	0.135	0.132	0.137	0.115	0.798	0.836	0.109	0.120	0.119	0.714	0.820	0.834	0.839	0.804	0.753	0.759	0.739	0.835	0.606	0.597	0.617	0.595	0.606	0.585	0.585	0.580	0.692	0.783	0.732	0.850	0.089	0.117	0.127	0.146	0.147	0.147	0.145	0.141	0.148	0.117	0.761	0.755	0.116	0.122	0.122	0.120	0.123	0.124	0.124	0.125	0.121	0.122	0.126	0.116	0.105	0.118	0.116	0.114	0.115	0.117	0.081	0.088	0.089	0.109	0.117	0.098
7:00:02	24.0	0.706	0.663	0.648	0.694	0.683	0.667	0.611	0.661	0.650	0.668	0.948	0.738	0.699	0.772	0.744	0.274	0.304	0.264	0.114	0.111	0.111	0.651	0.823	0.758	0.089	0.106	0.112	0.118	0.126	0.135	0.136	0.133	0.140	0.116	0.799	0.819	0.111	0.122	0.121	0.747	0.839	0.860	0.866	0.836	0.792	0.796	0.736	0.847	0.644	0.634	0.660	0.636	0.652	0.619	0.628	0.636	0.745	0.872	0.737	0.859	0.089	0.117	0.127	0.148	0.148	0.148	0.146	0.142	0.149	0.117	0.763	0.760	0.116	0.123	0.123	0.122	0.123	0.124	0.124	0.124	0.121	0.121	0.126	0.117	0.105	0.118	0.117	0.115	0.114	0.116	0.082	0.089	0.089	0.108	0.117	0.099
7:15:02	24.0	0.732	0.691	0.673	0.721	0.712	0.703	0.645	0.696	0.686	0.710	0.925	0.745	0.739	0.807	0.782	0.302	0.335	0.287	0.114	0.112	0.111	0.710	0.808	0.766	0.089	0.107	0.112	0.117	0.127	0.135	0.136	0.133	0.139	0.115	0.790	0.796	0.111	0.123	0.121	0.782	0.858	0.876	0.879	0.856	0.821	0.838	0.739	0.854	0.672	0.661	0.687	0.670	0.679	0.652	0.658	0.693	0.785	0.886	0.744	0.867	0.089	0.116	0.126	0.146	0.147	0.147	0.145	0.142	0.148	0.118	0.762	0.770	0.116	0.122	0.123	0.121	0.123	0.124	0.124	0.125	0.121	0.122	0.127	0.116	0.104	0.118	0.118	0.115	0.114	0.117	0.082	0.089	0.089	0.109	0.117	0.099
7:30:02	24.0	0.766	0.717	0.701	0.748	0.744	0.737	0.673	0.725	0.714	0.743	0.893	0.755	0.776	0.826	0.795	0.331	0.371	0.316	0.114	0.111	0.110	0.735	0.795	0.775	0.089	0.106	0.110	0.117	0.127	0.135	0.136	0.133	0.139	0.117	0.784	0.766	0.115	0.126	0.123	0.824	0.873	0.884	0.893	0.864	0.850	0.874	0.739	0.869	0.750	0.709	0.736	0.712	0.713	0.702	0.693	0.757	0.814	0.922	0.747	0.878	0.089	0.116	0.126	0.145	0.146	0.146	0.145	0.141	0.149	0.118	0.765	0.778	0.117	0.123	0.123	0.120	0.122	0.123	0.125	0.125	0.121	0.122	0.127	0.118	0.105	0.117	0.118	0.116	0.115	0.117	0.082	0.089	0.089	0.109	0.117	0.098
7:45:02	24.0	0.806	0.737	0.719	0.759	0.761	0.770	0.700	0.755	0.743	0.773	0.870	0.762	0.807	0.848	0.815	0.367	0.408	0.346	0.113	0.110	0.111	0.770	0.786	0.779	0.089	0.107	0.112	0.118	0.126	0.134	0.136	0.133	0.140	0.115	0.775	0.740	0.116	0.128	0.125	0.850	0.875	0.889	0.895	0.868	0.864	0.881	0.745	0.870	0.824	0.769	0.782	0.774	0.766	0.775	0.755	0.809	0.854	0.910	0.751	0.887	0.089	0.116	0.126	0.146	0.146	0.148	0.146	0.142	0.149	0.117	0.764	0.783	0.117	0.123	0.123	0.121	0.123	0.124	0.124	0.125	0.121	0.122	0.127	0.117	0.105	0.118	0.117	0.115	0.115	0.116	0.082	0.089	0.089	0.109	0.117	0.098
8:00:02	24.0	0.828	0.741	0.727	0.762	0.771	0.791	0.717	0.769	0.768	0.803	0.854	0.770	0.821	0.860	0.823	0.400	0.445	0.383	0.115	0.112	0.111	0.795	0.778	0.787	0.089	0.106	0.112	0.118	0.127	0.134	0.135	0.132	0.139	0.116	0.771	0.706	0.123	0.134	0.130	0.871	0.880	0.894	0.898	0.881	0.874	0.895	0.749	0.882	0.870	0.832	0.826	0.833	0.826	0.834	0.827	0.852	0.876	0.921	0.760	0.895	0.089	0.117	0.126	0.145	0.145	0.147	0.146	0.142	0.149	0.118	0.766	0.786	0.118	0.124	0.123	0.121	0.123	0.123	0.126	0.126	0.122	0.123	0.128	0.117	0.107	0.120	0.119	0.116	0.115	0.117	0.082	0.088	0.089	0.113	0.122	0.101
8:15:02	24.0	0.846	0.743	0.727	0.765	0.774	0.806	0.725	0.776	0.782	0.823	0.838	0.776	0.838	0.864	0.825	0.435	0.496	0.419	0.115	0.112	0.113	0.810	0.771	0.795	0.089	0.106	0.111	0.118	0.127	0.135	0.136	0.133	0.139	0.116	0.769	0.688	0.129	0.142	0.135	0.877	0.886	0.894	0.900	0.884	0.885	0.906	0.761	0.889	0.886	0.868	0.853	0.867	0.859	0.865	0.869	0.880	0.894	0.930	0.769	0.904	0.089	0.117	0.126	0.146	0.147	0.148	0.146	0.142	0.150	0.119	0.773	0.796	0.115	0.122	0.122	0.121	0.123	0.124	0.125	0.126	0.122	0.123	0.128	0.118	0.104	0.117	0.117	0.115	0.114	0.116	0.082	0.089	0.090	0.109	0.118	0.099
8:30:02	24.0	0.862	0.742	0.730	0.767	0.778	0.816	0.729	0.778	0.788	0.835	0.831	0.783	0.853	0.869	0.831	0.473	0.531	0.454	0.115	0.113	0.112	0.820	0.772	0.802	0.089	0.105	0.112	0.119	0.127	0.135	0.136	0.133	0.138	0.116	0.768	0.675	0.141	0.154	0.144	0.886	0.887	0.897	0.903	0.892	0.887	0.914	0.764	0.901	0.903	0.884	0.867	0.877	0.875	0.889	0.889	0.891	0.900	0.927	0.778	0.914	0.089	0.116	0.126	0.144	0.146	0.146	0.145	0.141	0.148	0.119	0.783	0.808	0.115	0.123	0.124	0.121	0.123	0.124	0.124	0.125	0.121	0.123	0.127	0.118	0.104	0.118	0.118	0.114	0.114	0.116	0.082	0.089	0.089	0.109	0.118	0.100
8:45:03	24.0	0.872	0.740	0.731	0.768	0.782	0.823	0.734	0.781	0.797	0.843	0.821	0.794	0.866	0.872	0.834	0.515	0.572	0.491	0.115	0.112	0.112	0.827	0.773	0.810	0.089	0.106	0.112	0.118	0.126	0.135	0.136	0.133	0.139	0.116	0.771	0.661	0.158	0.171	0.155	0.898	0.893	0.902	0.908	0.896	0.894	0.915	0.776	0.903	0.913	0.903	0.878	0.894	0.891	0.898	0.898	0.899	0.913	0.937	0.789	0.918	0.089	0.116	0.126	0.146	0.147	0.147	0.146	0.142	0.150	0.120	0.793	0.817	0.117	0.123	0.124	0.122	0.125	0.127	0.127	0.127	0.123	0.124	0.128	0.119	0.106	0.119	0.118	0.117	0.116	0.120	0.082	0.089	0.089	0.111	0.118	0.099
9:00:02	24.0	0.889	0.741	0.736	0.772	0.787	0.835	0.740	0.785	0.803	0.853	0.818	0.800	0.875	0.879	0.836	0.545	0.606	0.526	0.116	0.114	0.112	0.830	0.777	0.817	0.089	0.107	0.112	0.118	0.127	0.135	0.136	0.134	0.141	0.117	0.774	0.663	0.176	0.192	0.174	0.903	0.900	0.912	0.912	0.899	0.902	0.917	0.787	0.915	0.927	0.915	0.888	0.902	0.899	0.910	0.910	0.906	0.918	0.944	0.793	0.929	0.089	0.118	0.127	0.148	0.148	0.149	0.147	0.144	0.151	0.119	0.800	0.824	0.117	0.123	0.124	0.122	0.124	0.125	0.126	0.126	0.122	0.123	0.128	0.118	0.105	0.118	0.118	0.117	0.117	0.120	0.082	0.089	0.089	0.110	0.119	0.100
9:15:02	24.0	0.901	0.741	0.742	0.775	0.794	0.844	0.744	0.788	0.809	0.864	0.817	0.809	0.885	0.882	0.837	0.567	0.631	0.556	0.116	0.112	0.113	0.838	0.780	0.828	0.089	0.108	0.112	0.119	0.128	0.137	0.138	0.134	0.141	0.116	0.780	0.664	0.204	0.216	0.199	0.912	0.910	0.914	0.919	0.902	0.906	0.932	0.797	0.920	0.938	0.927	0.897	0.913	0.909	0.920	0.919	0.915	0.917	0.950	0.803	0.936	0.089	0.118	0.128	0.147	0.147	0.148	0.146	0.143	0.151	0.119	0.808	0.833	0.118	0.123	0.123	0.120	0.124	0.125	0.125	0.124	0.121	0.123	0.129	0.116	0.107	0.120	0.119	0.117	0.115	0.118	0.082	0.089	0.089	0.109	0.117	0.096
9:30:02	24.0	0.908	0.739	0.745	0.778	0.799	0.850	0.751	0.792	0.814	0.873	0.819	0.811	0.894	0.884	0.841	0.583	0.652	0.579	0.115	0.113	0.115	0.841	0.786	0.831	0.089	0.108	0.112	0.118	0.127	0.136	0.136	0.134	0.141	0.116	0.784	0.684	0.237	0.251	0.231	0.919	0.916	0.923	0.925	0.908	0.914	0.939	0.804	0.930	0.939	0.937	0.905	0.921	0.923	0.930	0.929	0.919	0.926	0.957	0.813	0.944	0.089	0.117	0.127	0.147	0.148	0.148	0.146	0.143	0.150	0.118	0.817	0.844	0.117	0.122	0.123	0.122	0.124	0.123	0.124	0.126	0.121	0.122	0.127	0.117	0.106	0.118	0.117	0.116	0.116	0.117	0.082	0.089	0.089	0.110	0.119	0.099
9:45:02	24.0	0.914	0.743	0.754	0.787	0.806	0.860	0.759	0.798	0.823	0.881	0.821	0.824	0.898	0.889	0.853	0.609	0.677	0.602	0.118	0.115	0.115	0.846	0.792	0.843	0.089	0.107	0.113	0.119	0.128	0.136	0.137	0.134	0.141	0.116	0.788	0.697	0.271	0.294	0.270	0.927	0.923	0.934	0.933	0.916	0.924	0.946	0.815	0.938	0.946	0.946	0.921	0.930	0.930	0.938	0.942	0.930	0.933	0.963	0.825	0.950	0.089	0.117	0.127	0.148	0.148	0.149	0.147	0.143	0.150	0.118	0.826	0.851	0.117	0.123	0.123	0.122	0.124	0.125	0.125	0.125	0.122	0.123	0.127	0.116	0.105	0.120	0.117	0.116	0.114	0.117	0.082	0.089	0.089	0.109	0.119	0.098
10:00:02	24.0	0.922	0.741	0.760	0.792	0.809	0.865	0.767	0.802	0.828	0.890	0.822	0.830	0.906	0.893	0.855	0.624	0.692	0.623	0.118	0.114	0.117	0.852	0.795	0.851	0.089	0.105	0.111	0.119	0.128	0.135	0.135	0.133	0.139	0.117	0.792	0.703	0.301	0.334	0.320	0.934	0.932	0.935	0.939	0.926	0.933	0.954	0.823	0.945	0.955	0.952	0.926	0.939	0.943	0.944	0.947	0.939	0.938	0.969	0.830	0.962	0.089	0.117	0.126	0.146	0.147	0.147	0.145	0.141	0.148	0.118	0.833	0.856	0.117	0.123	0.124	0.121	0.123	0.124	0.124	0.124	0.121	0.122	0.126	0.115	0.104	0.120	0.117	0.116	0.114	0.116	0.082	0.088	0.089	0.108	0.116	0.097
10:15:03	24.0	0.929	0.745	0.766	0.798	0.817	0.874	0.776	0.806	0.837	0.900	0.824	0.838	0.911	0.897	0.862	0.629	0.696	0.633	0.120	0.115	0.119	0.857	0.803	0.855	0.089	0.106	0.112	0.119	0.128	0.135	0.135	0.132	0.138	0.116	0.798	0.702	0.307	0.366	0.379	0.944	0.943	0.947	0.946	0.935	0.938	0.958	0.834	0.954	0.951	0.960	0.934	0.946	0.946	0.949	0.951	0.943	0.946	0.971	0.843	0.973	0.089	0.117	0.126	0.147	0.147	0.147	0.145	0.141	0.149	0.118	0.843	0.871	0.117	0.122	0.123	0.121	0.123	0.125	0.126	0.126	0.122	0.123	0.126	0.116	0.105	0.120	0.117	0.116	0.114	0.119	0.082	0.088	0.089	0.111	0.118	0.098
10:30:02	24.0	0.935	0.750	0.776	0.809	0.827	0.884	0.787	0.817	0.848	0.914	0.822	0.847	0.918	0.903	0.864	0.641	0.696	0.637	0.124	0.117	0.124	0.866	0.804	0.866	0.089	0.106	0.113	0.120	0.128	0.136	0.136	0.134	0.141	0.116	0.800	0.723	0.283	0.404	0.423	0.952	0.948	0.957	0.955	0.941	0.943	0.966	0.848	0.969	0.965	0.963	0.943	0.953	0.951	0.955	0.959	0.947	0.954	0.981	0.851	0.983	0.089	0.116	0.126	0.147	0.148	0.149	0.147	0.142	0.150	0.119	0.853	0.885	0.116	0.123	0.123	0.123	0.124	0.125	0.125	0.123	0.121	0.123	0.128	0.118	0.107	0.119	0.121	0.117	0.115	0.117	0.082	0.089	0.089	0.110	0.117	0.100
10:45:03	24.0	0.944	0.752	0.783	0.813	0.831	0.890	0.797	0.821	0.852	0.919	0.836	0.849	0.922	0.910	0.868	0.642	0.708	0.643	0.130	0.120	0.129	0.870	0.813	0.873	0.089	0.106	0.112	0.119	0.128	0.137	0.137	0.134	0.141	0.117	0.811	0.711	0.246	0.423	0.462	0.963	0.958	0.967	0.967	0.949	0.954	0.968	0.859	0.974	0.965	0.970	0.949	0.959	0.961	0.966	0.967	0.955	0.958	0.990	0.868	0.995	0.089	0.116	0.126	0.147	0.148	0.149	0.147	0.143	0.151	0.119	0.867	0.896	0.117	0.124	0.123	0.123	0.124	0.124	0.125	0.125	0.122	0.123	0.128	0.119	0.106	0.120	0.119	0.117	0.116	0.117	0.082	0.089	0.089	0.110	0.120	0.100
11:00:02	24.0	0.948	0.756	0.790	0.820	0.838	0.898	0.804	0.824	0.859	0.923	0.837	0.860	0.929	0.916	0.875	0.639	0.704	0.645	0.134	0.120	0.135	0.876	0.818	0.876	0.089	0.108	0.113	0.119	0.129	0.137	0.137	0.134	0.140	0.116	0.816	0.721	0.196	0.431	0.502	0.968	0.966	0.972	0.970	0.955	0.957	0.972	0.867	0.984	0.977	0.981	0.957	0.966	0.967	0.970	0.971	0.962	0.961	0.992	0.876	1.002	0.089	0.118	0.128	0.148	0.148	0.148	0.147	0.143	0.151	0.119	0.878	0.907	0.116	0.123	0.122	0.121	0.123	0.125	0.125	0.125	0.122	0.123	0.127	0.117	0.105	0.120	0.117	0.117	0.114	0.117	0.082	0.089	0.089	0.111	0.119	0.098
11:15:03	23.9	0.952	0.762	0.800	0.829	0.846	0.906	0.813	0.832	0.867	0.933	0.839	0.868	0.934	0.923	0.883	0.648	0.707	0.647	0.143	0.123	0.144	0.884	0.825	0.888	0.089	0.106	0.113	0.120	0.129	0.136	0.137	0.134	0.142	0.116	0.826	0.726	0.177	0.429	0.540	0.978	0.973	0.979	0.981	0.964	0.966	0.981	0.881	0.996	0.982	0.988	0.964	0.972	0.971	0.979	0.978	0.968	0.971	1.004	0.889	1.015	0.089	0.117	0.127	0.148	0.148	0.148	0.147	0.143	0.152	0.119	0.887	0.919	0.117	0.123	0.123	0.123	0.124	0.124	0.126	0.126	0.121	0.123	0.128	0.117	0.106	0.120	0.118	0.116	0.114	0.117	0.082	0.089	0.090	0.109	0.119	0.099
11:30:02	23.9	0.957	0.767	0.811	0.839	0.859	0.914	0.825	0.842	0.875	0.941	0.846	0.876	0.936	0.927	0.886	0.655	0.716	0.653	0.154	0.124	0.156	0.891	0.833	0.899	0.089	0.107	0.112	0.119	0.128	0.136	0.137	0.134	0.140	0.117	0.833	0.734	0.170	0.403	0.568	0.984	0.977	0.985	0.985	0.969	0.975	0.988	0.893	1.007	0.988	0.992	0.970	0.980	0.978	0.984	0.984	0.978	0.978	1.004	0.900	1.021	0.089	0.117	0.127	0.147	0.147	0.148	0.147	0.142	0.151	0.120	0.899	0.932	0.115	0.123	0.122	0.121	0.123	0.126	0.126	0.125	0.122	0.124	0.128	0.118	0.105	0.119	0.117	0.115	0.114	0.119	0.082	0.089	0.089	0.113	0.121	0.101
11:45:03	23.9	0.960	0.772	0.821	0.846	0.867	0.919	0.832	0.849	0.883	0.949	0.850	0.880	0.944	0.932	0.894	0.651	0.717	0.655	0.166	0.128	0.166	0.895	0.839	0.905	0.089	0.108	0.114	0.120	0.129	0.137	0.138	0.135	0.142	0.115	0.838	0.744	0.168	0.369	0.592	0.993	0.986	0.991	0.995	0.976	0.983	0.998	0.903	1.017	0.998	0.997	0.976	0.986	0.986	0.990	0.991	0.984	0.980	1.010	0.910	1.031	0.089	0.119	0.128	0.148	0.148	0.148	0.147	0.143	0.151	0.118	0.909	0.944	0.117	0.124	0.124	0.123	0.124	0.124	0.125	0.125	0.121	0.122	0.126	0.117	0.105	0.120	0.117	0.116	0.116	0.118	0.082	0.088	0.089	0.109	0.117	0.098
12:00:03	23.9	0.964	0.776	0.829	0.855	0.876	0.927	0.843	0.857	0.891	0.958	0.861	0.891	0.952	0.938	0.905	0.652	0.720	0.661	0.180	0.132	0.178	0.902	0.849	0.913	0.089	0.107	0.111	0.119	0.129	0.137	0.138	0.134	0.140	0.117	0.847	0.748	0.165	0.339	0.600	0.998	0.993	1.000	1.001	0.982	0.988	1.006	0.918	1.024	1.004	1.008	0.983	0.990	0.989	0.997	0.997	0.987	0.989	1.023	0.925	1.041	0.089	0.116	0.127	0.148	0.148	0.147	0.145	0.141	0.150	0.118	0.923	0.956	0.116	0.123	0.123	0.122	0.125	0.124	0.125	0.125	0.120	0.122	0.127	0.116	0.103	0.118	0.118	0.116	0.116	0.117	0.082	0.089	0.090	0.109	0.118	0.098
12:15:03	23.9	0.970	0.785	0.841	0.865	0.886	0.934	0.853	0.867	0.895	0.967	0.864	0.898	0.954	0.943	0.912	0.661	0.719	0.666	0.195	0.137	0.193	0.910	0.853	0.918	0.089	0.107	0.112	0.119	0.129	0.137	0.139	0.136	0.141	0.116	0.853	0.760	0.159	0.316	0.599	1.005	0.998	1.006	1.009	0.990	0.998	1.015	0.926	1.042	1.010	1.012	0.987	0.994	0.999	1.002	1.005	0.994	0.998	1.030	0.935	1.053	0.089	0.117	0.127	0.147	0.147	0.147	0.146	0.142	0.151	0.119	0.933	0.966	0.117	0.123	0.123	0.121	0.123	0.124	0.124	0.125	0.121	0.122	0.127	0.117	0.104	0.119	0.117	0.115	0.113	0.115	0.083	0.089	0.089	0.108	0.117	0.097
12:30:03	23.9	0.977	0.792	0.852	0.877	0.899	0.947	0.864	0.880	0.907	0.975	0.857	0.906	0.965	0.951	0.916	0.661	0.719	0.671	0.213	0.147	0.207	0.921	0.860	0.922	0.089	0.108	0.112	0.119	0.130	0.137	0.138	0.135	0.141	0.115	0.855	0.780	0.155	0.302	0.600	1.011	1.006	1.010	1.014	0.995	1.003	1.026	0.936	1.053	1.015	1.015	0.993	1.002	1.004	1.006	1.011	0.998	1.004	1.043	0.943	1.061	0.089	0.117	0.128	0.148	0.149	0.148	0.147	0.143	0.151	0.120	0.944	0.975	0.116	0.124	0.124	0.122	0.124	0.125	0.126	0.125	0.121	0.123	0.128	0.118	0.105	0.120	0.121	0.117	0.114	0.116	0.083	0.089	0.089	0.110	0.118	0.100
12:45:02	23.9	0.980	0.804	0.857	0.885	0.905	0.944	0.871	0.885	0.906	0.978	0.872	0.915	0.970	0.956	0.922	0.674	0.722	0.674	0.227	0.143	0.224	0.927	0.869	0.939	0.089	0.106	0.111	0.119	0.129	0.137	0.137	0.134	0.140	0.115	0.867	0.781	0.149	0.282	0.593	1.019	1.012	1.016	1.020	1.001	1.009	1.032	0.949	1.063	1.021	1.022	0.996	1.008	1.008	1.011	1.016	1.004	1.008	1.051	0.957	1.070	0.089	0.117	0.127	0.146	0.146	0.147	0.145	0.142	0.150	0.119	0.957	0.989	0.117	0.123	0.123	0.121	0.124	0.125	0.126	0.125	0.122	0.123	0.128	0.117	0.104	0.119	0.117	0.115	0.115	0.118	0.083	0.089	0.089	0.113	0.120	0.100
13:00:02	23.9	0.984	0.813	0.867	0.893	0.913	0.951	0.879	0.895	0.916	0.983	0.874	0.920	0.972	0.964	0.933	0.674	0.729	0.678	0.245	0.147	0.243	0.932	0.875	0.943	0.089	0.106	0.113	0.120	0.128	0.136	0.136	0.132	0.139	0.115	0.874	0.791	0.148	0.271	0.589	1.025	1.017	1.020	1.024	1.005	1.013	1.040	0.958	1.068	1.027	1.026	1.002	1.015	1.016	1.018	1.020	1.010	1.013	1.054	0.966	1.081	0.089	0.116	0.126	0.147	0.147	0.147	0.145	0.142	0.149	0.118	0.966	0.997	0.116	0.123	0.124	0.122	0.124	0.125	0.126	0.126	0.121	0.122	0.126	0.116	0.104	0.119	0.119	0.118	0.116	0.120	0.083	0.089	0.089	0.112	0.120	0.099
13:15:02	23.9	0.990	0.823	0.872	0.903	0.921	0.959	0.889	0.909	0.917	0.991	0.881	0.926	0.981	0.967	0.934	0.679	0.728	0.679	0.266	0.157	0.262	0.941	0.883	0.947	0.089	0.105	0.111	0.118	0.128	0.135	0.136	0.133	0.140	0.115	0.880	0.801	0.146	0.262	0.586	1.032	1.020	1.026	1.030	1.011	1.022	1.046	0.970	1.080	1.035	1.033	1.004	1.020	1.021	1.021	1.026	1.016	1.020	1.062	0.978	1.093	0.089	0.117	0.126	0.146	0.147	0.147	0.145	0.142	0.150	0.119	0.979	1.011	0.117	0.123	0.123	0.121	0.123	0.124	0.126	0.126	0.122	0.123	0.126	0.116	0.105	0.120	0.118	0.114	0.114	0.116	0.083	0.089	0.089	0.111	0.118	0.098
13:30:03	23.9	0.997	0.839	0.886	0.914	0.933	0.964	0.898	0.920	0.925	1.000	0.893	0.938	0.987	0.973	0.942	0.682	0.727	0.687	0.283	0.160	0.284	0.948	0.892	0.962	0.089	0.108	0.112	0.119	0.128	0.137	0.138	0.134	0.142	0.117	0.890	0.806	0.144	0.257	0.576	1.036	1.023	1.032	1.035	1.017	1.027	1.057	0.983	1.092	1.041	1.038	1.010	1.025	1.025	1.027	1.034	1.023	1.025	1.070	0.989	1.102	0.089	0.118	0.127	0.149	0.149	0.149	0.147	0.144	0.152	0.119	0.991	1.025	0.117	0.123	0.123	0.122	0.124	0.125	0.126	0.126	0.122	0.123	0.127	0.117	0.107	0.121	0.118	0.117	0.116	0.118	0.083	0.088	0.089	0.110	0.118	0.098
13:45:02	23.9	1.004	0.855	0.900	0.922	0.946	0.970	0.909	0.933	0.932	1.006	0.900	0.944	0.994	0.980	0.947	0.688	0.729	0.684	0.304	0.162	0.310	0.952	0.897	0.969	0.089	0.108	0.113	0.120	0.129	0.138	0.138	0.135	0.142	0.116	0.897	0.817	0.142	0.255	0.567	1.042	1.033	1.036	1.042	1.023	1.031	1.064	0.990	1.102	1.047	1.043	1.014	1.031	1.035	1.033	1.038	1.029	1.030	1.078	0.999	1.114	0.089	0.118	0.128	0.149	0.149	0.149	0.147	0.143	0.152	0.120	1.001	1.034	0.117	0.122	0.123	0.120	0.123	0.124	0.124	0.125	0.122	0.125	0.129	0.117	0.103	0.118	0.117	0.115	0.113	0.116	0.083	0.089	0.089	0.112	0.121	0.099
14:00:02	23.9	1.010	0.864	0.900	0.938	0.948	0.972	0.913	0.939	0.935	1.011	0.904	0.950	1.000	0.985	0.956	0.687	0.737	0.690	0.328	0.167	0.334	0.960	0.905	0.978	0.089	0.106	0.112	0.119	0.129	0.136	0.137	0.134	0.141	0.116	0.906	0.827	0.140	0.252	0.558	1.045	1.034	1.042	1.046	1.027	1.034	1.071	1.000	1.111	1.053	1.046	1.019	1.036	1.038	1.037	1.043	1.032	1.035	1.083	1.007	1.124	0.089	0.117	0.127	0.147	0.147	0.147	0.145	0.141	0.150	0.118	1.010	1.045	0.115	0.122	0.122	0.121	0.122	0.123	0.124	0.124	0.120	0.123	0.127	0.118	0.104	0.119	0.117	0.116	0.114	0.115	0.083	0.089	0.089	0.113	0.122	0.102
14:15:02	23.9	1.020	0.877	0.911	0.941	0.961	0.986	0.925	0.959	0.942	1.021	0.914	0.958	1.010	0.990	0.960	0.691	0.730	0.690	0.355	0.177	0.375	0.969	0.914	0.987	0.089	0.107	0.112	0.119	0.129	0.137	0.138	0.135	0.142	0.117	0.914	0.833	0.141	0.252	0.549	1.055	1.042	1.046	1.053	1.034	1.044	1.081	1.010	1.121	1.061	1.053	1.024	1.040	1.045	1.045	1.049	1.039	1.043	1.092	1.018	1.134	0.089	0.118	0.127	0.149	0.149	0.150	0.147	0.142	0.151	0.118	1.020	1.055	0.116	0.122	0.123	0.122	0.125	0.125	0.126	0.126	0.121	0.123	0.127	0.117	0.104	0.119	0.119	0.118	0.116	0.117	0.083	0.089	0.089	0.111	0.119	0.098
14:30:03	23.9	1.027	0.891	0.919	0.948	0.968	0.986	0.931	0.959	0.949	1.027	0.921	0.965	1.016	0.996	0.961	0.677	0.733	0.689	0.376	0.180	0.421	0.976	0.922	0.995	0.089	0.107	0.112	0.119	0.128	0.136	0.138	0.135	0.143	0.116	0.919	0.849	0.140	0.252	0.537	1.057	1.045	1.052	1.056	1.038	1.045	1.087	1.020	1.135	1.067	1.054	1.030	1.046	1.049	1.050	1.055	1.044	1.048	1.100	1.028	1.142	0.089	0.117	0.127	0.148	0.148	0.148	0.146	0.141	0.151	0.118	1.028	1.065	0.116	0.123	0.123	0.121	0.123	0.124	0.124	0.124	0.120	0.122	0.126	0.116	0.104	0.119	0.118	0.116	0.113	0.114	0.084	0.089	0.089	0.111	0.120	0.098
14:45:03	23.9	1.027	0.902	0.928	0.959	0.979	0.992	0.938	0.970	0.954	1.041	0.930	0.972	1.025	1.004	0.966	0.688	0.736	0.685	0.402	0.184	0.458	0.984	0.930	1.002	0.089	0.107	0.113	0.119	0.129	0.137	0.138	0.135	0.141	0.116	0.929	0.853	0.140	0.253	0.531	1.064	1.055	1.060	1.064	1.045	1.054	1.097	1.030	1.141	1.074	1.060	1.038	1.055	1.056	1.057	1.061	1.051	1.054	1.108	1.034	1.149	0.089	0.118	0.128	0.148	0.148	0.148	0.147	0.142	0.151	0.118	1.039	1.075	0.116	0.123	0.123	0.122	0.124	0.125	0.125	0.125	0.121	0.122	0.126	0.117	0.105	0.120	0.120	0.117	0.115	0.117	0.084	0.089	0.089	0.111	0.118	0.098
15:00:03	23.9	1.037	0.912	0.938	0.971	0.988	1.001	0.950	0.978	0.958	1.041	0.936	0.982	1.034	1.004	0.979	0.675	0.737	0.681	0.424	0.189	0.487	0.989	0.936	1.006	0.089	0.107	0.113	0.120	0.129	0.137	0.137	0.134	0.141	0.117	0.937	0.862	0.141	0.252	0.527	1.073	1.060	1.066	1.071	1.050	1.060	1.104	1.039	1.153	1.084	1.067	1.044	1.061	1.064	1.063	1.067	1.058	1.061	1.119	1.046	1.162	0.089	0.119	0.128	0.148	0.149	0.148	0.146	0.142	0.151	0.119	1.050	1.084	0.117	0.123	0.123	0.121	0.124	0.126	0.124	0.125	0.121	0.122	0.127	0.117	0.103	0.119	0.118	0.117	0.116	0.118	0.084	0.089	0.089	0.109	0.117	0.097
15:15:03	23.9	1.047	0.921	0.946	0.974	0.993	1.007	0.959	0.986	0.965	1.050	0.943	0.988	1.040	1.016	0.977	0.669	0.736	0.682	0.444	0.194	0.515	0.998	0.948	1.014	0.089	0.105	0.113	0.119	0.129	0.137	0.138	0.134	0.141	0.116	0.947	0.873	0.142	0.252	0.522	1.075	1.066	1.072	1.076	1.057	1.064	1.113	1.048	1.164	1.093	1.070	1.052	1.065	1.068	1.070	1.073	1.063	1.068	1.125	1.056	1.170	0.089	0.117	0.127	0.148	0.148	0.147	0.145	0.142	0.150	0.119	1.059	1.097	0.115	0.123	0.124	0.122	0.124	0.124	0.126	0.126	0.122	0.123	0.128	0.118	0.103	0.119	0.118	0.116	0.115	0.117	0.084	0.089	0.089	0.112	0.121	0.099
15:30:03	23.9	1.051	0.932	0.952	0.984	1.002	1.015	0.967	0.998	0.975	1.057	0.949	0.997	1.046	1.022	0.991	0.674	0.734	0.680	0.463	0.199	0.531	1.006	0.956	1.022	0.089	0.107	0.113	0.119	0.128	0.137	0.137	0.134	0.141	0.115	0.954	0.884	0.140	0.250	0.516	1.083	1.071	1.077	1.080	1.061	1.069	1.120	1.057	1.169	1.099	1.078	1.056	1.071	1.074	1.075	1.079	1.068	1.074	1.134	1.063	1.179	0.089	0.119	0.128	0.148	0.148	0.148	0.146	0.142	0.151	0.118	1.067	1.105	0.117	0.123	0.124	0.123	0.123	0.124	0.125	0.125	0.121	0.123	0.127	0.116	0.105	0.119	0.118	0.117	0.115	0.117	0.084	0.089	0.089	0.110	0.117	0.097
15:45:02	23.9	1.062	0.946	0.958	0.992	1.016	1.020	0.976	1.005	0.983	1.065	0.960	1.001	1.054	1.025	0.987	0.674	0.726	0.680	0.476	0.204	0.543	1.016	0.965	1.027	0.089	0.106	0.111	0.118	0.128	0.136	0.136	0.133	0.140	0.116	0.963	0.896	0.139	0.248	0.512	1.088	1.079	1.082	1.087	1.066	1.076	1.129	1.063	1.175	1.107	1.081	1.062	1.077	1.081	1.082	1.085	1.076	1.081	1.142	1.071	1.189	0.089	0.117	0.127	0.147	0.147	0.147	0.145	0.141	0.149	0.119	1.076	1.115	0.116	0.123	0.124	0.121	0.123	0.124	0.124	0.125	0.122	0.123	0.128	0.117	0.103	0.120	0.118	0.116	0.115	0.115	0.084	0.089	0.089	0.111	0.120	0.099
16:00:03	23.8	1.077	0.958	0.969	0.998	1.017	1.032	0.985	1.022	0.984	1.072	0.966	1.008	1.064	1.033	0.998	0.668	0.728	0.678	0.492	0.210	0.552	1.023	0.974	1.034	0.089	0.107	0.113	0.119	0.129	0.138	0.138	0.135	0.141	0.118	0.972	0.906	0.139	0.248	0.508	1.095	1.083	1.090	1.093	1.075	1.084	1.140	1.074	1.189	1.114	1.087	1.070	1.083	1.089	1.089	1.091	1.083	1.089	1.152	1.082	1.194	0.089	0.119	0.128	0.149	0.148	0.149	0.147	0.143	0.152	0.120	1.085	1.122	0.116	0.124	0.124	0.122	0.124	0.125	0.125	0.125	0.122	0.124	0.128	0.117	0.103	0.119	0.118	0.115	0.114	0.115	0.084	0.089	0.089	0.110	0.119	0.098
16:15:02	23.8	1.082	0.971	0.982	1.008	1.026	1.037	0.993	1.024	0.990	1.078	0.973	1.017	1.072	1.039	1.001	0.673	0.728	0.679	0.505	0.217	0.565	1.028	0.982	1.042	0.089	0.107	0.113	0.120	0.129	0.137	0.138	0.135	0.141	0.116	0.982	0.916	0.137	0.245	0.503	1.100	1.089	1.095	1.098	1.079	1.090	1.147	1.083	1.199	1.121	1.094	1.074	1.090	1.093	1.094	1.096	1.089	1.093	1.158	1.091	1.207	0.089	0.118	0.127	0.148	0.149	0.149	0.147	0.144	0.153	0.119	1.094	1.133	0.117	0.122	0.123	0.122	0.124	0.125	0.125	0.125	0.121	0.123	0.128	0.117	0.103	0.118	0.118	0.116	0.113	0.116	0.084	0.089	0.089	0.109	0.118	0.097
16:30:03	23.8	1.090	0.976	0.989	1.017	1.041	1.044	1.002	1.035	1.001	1.088	0.975	1.021	1.082	1.046	1.005	0.673	0.723	0.672	0.522	0.227	0.564	1.041	0.992	1.050	0.089	0.107	0.114	0.120	0.129	0.138	0.139	0.136	0.143	0.115	0.988	0.933	0.140	0.243	0.500	1.104	1.094	1.100	1.104	1.086	1.095	1.155	1.092	1.202	1.130	1.101	1.081	1.097	1.099	1.099	1.104	1.094	1.101	1.169	1.099	1.212	0.089	0.119	0.128	0.148	0.150	0.149	0.147	0.143	0.152	0.120	1.103	1.143	0.116	0.124	0.123	0.122	0.124	0.126	0.125	0.123	0.120	0.123	0.129	0.117	0.104	0.120	0.120	0.116	0.114	0.116	0.084	0.089	0.089	0.109	0.116	0.097
16:45:03	23.8	1.098	0.994	0.992	1.025	1.050	1.054	1.013	1.046	1.007	1.096	0.992	1.029	1.091	1.054	1.010	0.662	0.725	0.670	0.527	0.223	0.576	1.048	1.002	1.060	0.089	0.106	0.113	0.120	0.130	0.138	0.138	0.135	0.142	0.118	1.002	0.938	0.141	0.242	0.496	1.113	1.102	1.110	1.113	1.092	1.104	1.165	1.100	1.213	1.140	1.109	1.090	1.105	1.107	1.109	1.112	1.103	1.109	1.176	1.107	1.224	0.089	0.118	0.128	0.149	0.149	0.149	0.148	0.145	0.153	0.120	1.110	1.151	0.116	0.124	0.124	0.121	0.125	0.126	0.125	0.126	0.123	0.124	0.128	0.118	0.104	0.119	0.119	0.117	0.117	0.119	0.084	0.089	0.089	0.110	0.119	0.098
17:00:03	23.8	1.107	1.000	0.997	1.030	1.048	1.063	1.021	1.049	1.014	1.101	0.994	1.034	1.096	1.059	1.016	0.652	0.709	0.667	0.535	0.226	0.584	1.053	1.007	1.063	0.089	0.108	0.113	0.119	0.129	0.138	0.138	0.135	0.142	0.117	1.008	0.947	0.142	0.239	0.494	1.121	1.108	1.115	1.117	1.097	1.106	1.173	1.108	1.222	1.148	1.115	1.093	1.107	1.111	1.114	1.117	1.106	1.114	1.184	1.116	1.226	0.089	0.118	0.127	0.148	0.148	0.148	0.147	0.143	0.153	0.118	1.118	1.161	0.116	0.123	0.122	0.120	0.123	0.124	0.124	0.124	0.121	0.123	0.127	0.116	0.103	0.118	0.118	0.115	0.113	0.114	0.084	0.089	0.089	0.109	0.120	0.098
17:15:03	23.8	1.114	1.015	1.010	1.041	1.060	1.074	1.029	1.057	1.022	1.118	1.005	1.044	1.109	1.063	1.019	0.649	0.711	0.666	0.545	0.228	0.595	1.064	1.017	1.070	0.089	0.107	0.113	0.121	0.130	0.139	0.139	0.136	0.143	0.117	1.018	0.961	0.142	0.239	0.492	1.124	1.114	1.121	1.123	1.105	1.114	1.181	1.117	1.226	1.157	1.119	1.100	1.118	1.121	1.122	1.122	1.116	1.122	1.195	1.123	1.237	0.089	0.120	0.128	0.149	0.150	0.150	0.147	0.144	0.153	0.119	1.124	1.169	0.117	0.124	0.123	0.121	0.124	0.126	0.126	0.125	0.122	0.123	0.126	0.116	0.104	0.119	0.119	0.117	0.115	0.118	0.084	0.089	0.089	0.110	0.117	0.096
17:30:03	23.8	1.123	1.011	1.015	1.045	1.070	1.083	1.033	1.069	1.029	1.121	1.012	1.050	1.121	1.074	1.023	0.641	0.707	0.659	0.554	0.231	0.601	1.073	1.024	1.077	0.089	0.107	0.113	0.120	0.129	0.139	0.139	0.136	0.142	0.117	1.029	0.969	0.143	0.239	0.491	1.134	1.120	1.129	1.130	1.111	1.121	1.189	1.126	1.236	1.166	1.128	1.107	1.123	1.126	1.126	1.131	1.123	1.129	1.202	1.134	1.244	0.089	0.118	0.128	0.150	0.150	0.149	0.148	0.144	0.154	0.120	1.135	1.182	0.117	0.124	0.124	0.121	0.124	0.126	0.126	0.125	0.122	0.123	0.127	0.117	0.103	0.119	0.118	0.116	0.114	0.116	0.084	0.089	0.089	0.109	0.117	0.097
17:45:03	23.8	1.133	1.027	1.025	1.056	1.083	1.090	1.041	1.076	1.033	1.131	1.021	1.057	1.124	1.078	1.032	0.640	0.703	0.655	0.563	0.234	0.606	1.085	1.037	1.084	0.089	0.107	0.113	0.121	0.130	0.138	0.139	0.136	0.143	0.118	1.038	0.982	0.141	0.237	0.489	1.139	1.128	1.135	1.137	1.117	1.127	1.198	1.134	1.240	1.175	1.135	1.118	1.129	1.133	1.133	1.135	1.126	1.135	1.210	1.143	1.250	0.089	0.118	0.128	0.149	0.150	0.150	0.147	0.143	0.154	0.120	1.144	1.193	0.116	0.123	0.124	0.121	0.124	0.126	0.125	0.126	0.122	0.124	0.128	0.116	0.102	0.118	0.118	0.117	0.115	0.118	0.084	0.089	0.089	0.111	0.119	0.096
18:00:03	23.9	1.139	1.032	1.036	1.062	1.090	1.097	1.055	1.079	1.042	1.142	1.020	1.063	1.133	1.079	1.036	0.636	0.691	0.652	0.579	0.250	0.610	1.091	1.041	1.089	0.089	0.106	0.113	0.120	0.129	0.137	0.137	0.135	0.141	0.115	1.041	1.006	0.140	0.233	0.489	1.143	1.130	1.138	1.142	1.123	1.133	1.203	1.142	1.249	1.182	1.138	1.121	1.135	1.138	1.139	1.141	1.135	1.139	1.215	1.150	1.257	0.089	0.118	0.127	0.148	0.148	0.148	0.147	0.142	0.152	0.121	1.150	1.202	0.115	0.123	0.124	0.122	0.124	0.125	0.124	0.124	0.122	0.124	0.128	0.116	0.103	0.118	0.118	0.116	0.114	0.117	0.084	0.089	0.089	0.109	0.117	0.096
18:15:03	23.9	1.150	1.042	1.039	1.077	1.094	1.102	1.062	1.086	1.048	1.148	1.035	1.068	1.143	1.086	1.037	0.629	0.686	0.645	0.580	0.243	0.612	1.102	1.054	1.096	0.089	0.109	0.113	0.120	0.130	0.138	0.139	0.136	0.144	0.117	1.055	1.015	0.138	0.234	0.489	1.152	1.139	1.145	1.147	1.129	1.141	1.213	1.152	1.258	1.189	1.148	1.124	1.142	1.143	1.145	1.149	1.141	1.146	1.227	1.160	1.262	0.089	0.119	0.127	0.150	0.150	0.150	0.147	0.143	0.153	0.119	1.160	1.210	0.116	0.123	0.123	0.120	0.123	0.125	0.124	0.123	0.120	0.122	0.125	0.115	0.102	0.118	0.118	0.116	0.115	0.115	0.084	0.089	0.089	0.106	0.113	0.095
18:30:03	23.9	1.158	1.054	1.053	1.085	1.102	1.112	1.067	1.097	1.061	1.159	1.045	1.076	1.153	1.092	1.045	0.622	0.681	0.640	0.592	0.243	0.621	1.112	1.065	1.109	0.089	0.110	0.113	0.121	0.132	0.140	0.141	0.138	0.146	0.118	1.067	1.030	0.138	0.236	0.492	1.164	1.146	1.152	1.155	1.136	1.150	1.224	1.164	1.264	1.200	1.157	1.134	1.148	1.154	1.154	1.157	1.149	1.155	1.238	1.173	1.275	0.089	0.120	0.129	0.151	0.151	0.151	0.149	0.145	0.154	0.121	1.172	1.226	0.116	0.124	0.124	0.121	0.125	0.126	0.125	0.125	0.122	0.123	0.129	0.118	0.101	0.117	0.118	0.117	0.116	0.118	0.084	0.089	0.089	0.107	0.116	0.096
18:45:03	24.0	1.166	1.060	1.063	1.084	1.113	1.121	1.075	1.103	1.069	1.169	1.053	1.081	1.160	1.101	1.052	0.618	0.678	0.636	0.597	0.242	0.623	1.124	1.072	1.113	0.089	0.109	0.114	0.122	0.132	0.140	0.141	0.138	0.144	0.118	1.073	1.044	0.138	0.237	0.494	1.165	1.150	1.158	1.159	1.140	1.152	1.230	1.171	1.272	1.208	1.163	1.140	1.153	1.159	1.161	1.161	1.155	1.159	1.242	1.178	1.279	0.089	0.119	0.128	0.150	0.149	0.149	0.147	0.143	0.152	0.119	1.176	1.230	0.115	0.123	0.124	0.121	0.124	0.124	0.123	0.123	0.121	0.123	0.127	0.116	0.101	0.118	0.119	0.116	0.114	0.115	0.084	0.089	0.089	0.108	0.117	0.096
19:00:03	24.0	1.177	1.073	1.068	1.097	1.119	1.130	1.089	1.111	1.074	1.179	1.058	1.088	1.168	1.110	1.057	0.609	0.668	0.629	0.606	0.244	0.629	1.133	1.079	1.120	0.089	0.107	0.114	0.122	0.132	0.140	0.141	0.137	0.144	0.117	1.082	1.061	0.138	0.239	0.497	1.173	1.157	1.164	1.167	1.148	1.157	1.237	1.177	1.282	1.214	1.168	1.149	1.159	1.164	1.165	1.168	1.161	1.170	1.248	1.187	1.285	0.089	0.120	0.128	0.150	0.150	0.150	0.148	0.144	0.153	0.119	1.185	1.243	0.114	0.122	0.123	0.120	0.124	0.126	0.125	0.125	0.121	0.122	0.126	0.116	0.102	0.117	0.118	0.116	0.114	0.118	0.084	0.089	0.089	0.109	0.118	0.096
19:15:03	24.0	1.185	1.080	1.079	1.104	1.129	1.138	1.094	1.123	1.081	1.190	1.066	1.096	1.181	1.115	1.063	0.599	0.662	0.624	0.616	0.250	0.638	1.140	1.087	1.127	0.089	0.106	0.113	0.120	0.131	0.139	0.139	0.137	0.144	0.118	1.089	1.083	0.137	0.238	0.498	1.176	1.162	1.169	1.171	1.153	1.164	1.245	1.187	1.283	1.224	1.173	1.151	1.163	1.171	1.172	1.175	1.166	1.175	1.256	1.196	1.293	0.089	0.118	0.128	0.149	0.148	0.149	0.147	0.143	0.153	0.120	1.194	1.254	0.117	0.124	0.123	0.120	0.123	0.124	0.125	0.125	0.122	0.124	0.128	0.116	0.102	0.119	0.118	0.117	0.114	0.114	0.084	0.089	0.089	0.109	0.118	0.096
19:30:03	24.1	1.189	1.085	1.086	1.107	1.128	1.142	1.104	1.133	1.087	1.200	1.072	1.101	1.188	1.124	1.067	0.593	0.663	0.618	0.622	0.251	0.640	1.150	1.097	1.132	0.089	0.107	0.113	0.119	0.130	0.138	0.139	0.136	0.142	0.117	1.099	1.104	0.138	0.241	0.500	1.185	1.168	1.175	1.177	1.157	1.169	1.251	1.193	1.293	1.233	1.179	1.159	1.169	1.175	1.175	1.178	1.169	1.177	1.262	1.202	1.297	0.089	0.118	0.127	0.149	0.149	0.147	0.146	0.143	0.153	0.119	1.201	1.265	0.115	0.123	0.123	0.120	0.124	0.125	0.124	0.126	0.122	0.122	0.126	0.116	0.101	0.118	0.117	0.115	0.114	0.116	0.084	0.089	0.089	0.108	0.116	0.096
19:45:03	24.1	1.198	1.101	1.091	1.116	1.141	1.150	1.113	1.137	1.098	1.213	1.083	1.108	1.196	1.127	1.073	0.593	0.659	0.612	0.630	0.254	0.646	1.162	1.107	1.141	0.089	0.107	0.113	0.120	0.131	0.139	0.140	0.138	0.145	0.119	1.110	1.127	0.136	0.243	0.503	1.188	1.173	1.180	1.182	1.164	1.176	1.260	1.205	1.297	1.240	1.184	1.165	1.175	1.181	1.180	1.181	1.177	1.184	1.271	1.213	1.305	0.089	0.118	0.128	0.150	0.149	0.149	0.147	0.144	0.153	0.120	1.210	1.273	0.116	0.123	0.124	0.121	0.124	0.125	0.125	0.125	0.122	0.123	0.128	0.117	0.102	0.118	0.118	0.116	0.115	0.116	0.084	0.089	0.089	0.108	0.117	0.096
20:00:03	24.1	1.207	1.105	1.100	1.125	1.143	1.157	1.118	1.141	1.106	1.216	1.087	1.112	1.203	1.130	1.078	0.591	0.648	0.607	0.637	0.253	0.649	1.168	1.114	1.146	0.089	0.108	0.113	0.120	0.131	0.139	0.140	0.138	0.145	0.117	1.116	1.142	0.136	0.245	0.501	1.193	1.177	1.185	1.186	1.169	1.179	1.264	1.207	1.306	1.246	1.187	1.168	1.179	1.187	1.186	1.188	1.181	1.185	1.273	1.217	1.309	0.089	0.118	0.127	0.150	0.149	0.149	0.146	0.142	0.153	0.117	1.214	1.282	0.114	0.121	0.122	0.120	0.122	0.123	0.123	0.123	0.120	0.122	0.126	0.115	0.101	0.117	0.116	0.116	0.113	0.113	0.084	0.089	0.089	0.108	0.117	0.096
20:15:03	24.1	1.214	1.118	1.111	1.134	1.155	1.166	1.130	1.152	1.113	1.225	1.095	1.121	1.211	1.141	1.086	0.586	0.647	0.601	0.645	0.256	0.654	1.176	1.122	1.152	0.089	0.106	0.114	0.121	0.131	0.138	0.139	0.137	0.143	0.117	1.125	1.157	0.136	0.248	0.503	1.200	1.182	1.190	1.191	1.173	1.186	1.270	1.217	1.315	1.252	1.193	1.175	1.185	1.193	1.191	1.192	1.185	1.194	1.283	1.226	1.320	0.089	0.118	0.127	0.150	0.149	0.148	0.146	0.142	0.152	0.119	1.223	1.292	0.116	0.123	0.123	0.120	0.123	0.124	0.124	0.123	0.120	0.122	0.126	0.116	0.101	0.118	0.117	0.115	0.113	0.114	0.084	0.089	0.089	0.107	0.117	0.096
20:30:03	24.1	1.221	1.126	1.117	1.141	1.163	1.175	1.135	1.163	1.125	1.233	1.101	1.126	1.218	1.147	1.090	0.583	0.641	0.596	0.649	0.256	0.663	1.185	1.129	1.159	0.089	0.108	0.113	0.121	0.131	0.139	0.140	0.138	0.144	0.116	1.131	1.172	0.136	0.251	0.503	1.204	1.189	1.195	1.196	1.179	1.193	1.277	1.223	1.316	1.261	1.199	1.180	1.190	1.196	1.198	1.198	1.191	1.199	1.288	1.232	1.322	0.089	0.118	0.128	0.150	0.148	0.148	0.147	0.143	0.152	0.118	1.230	1.300	0.115	0.123	0.123	0.120	0.123	0.124	0.124	0.123	0.120	0.122	0.125	0.114	0.102	0.118	0.117	0.115	0.112	0.112	0.084	0.089	0.089	0.105	0.114	0.094
20:45:03	24.1	1.229	1.138	1.124	1.150	1.169	1.182	1.141	1.166	1.131	1.240	1.107	1.132	1.229	1.153	1.094	0.580	0.638	0.588	0.654	0.259	0.660	1.194	1.138	1.164	0.089	0.108	0.113	0.120	0.131	0.139	0.140	0.138	0.145	0.117	1.141	1.183	0.137	0.255	0.503	1.207	1.193	1.200	1.202	1.184	1.197	1.285	1.231	1.326	1.270	1.204	1.186	1.195	1.203	1.205	1.203	1.196	1.206	1.295	1.240	1.327	0.089	0.119	0.128	0.150	0.150	0.149	0.147	0.143	0.154	0.119	1.238	1.307	0.115	0.123	0.124	0.121	0.123	0.124	0.124	0.124	0.121	0.123	0.127	0.116	0.102	0.118	0.119	0.117	0.114	0.116	0.084	0.089	0.089	0.110	0.119	0.096
21:00:03	24.1	1.235	1.142	1.135	1.160	1.178	1.190	1.151	1.175	1.134	1.250	1.111	1.138	1.238	1.156	1.099	0.577	0.634	0.583	0.660	0.263	0.663	1.204	1.147	1.170	0.089	0.107	0.112	0.119	0.131	0.138	0.139	0.137	0.144	0.116	1.150	1.191	0.137	0.257	0.500	1.212	1.198	1.204	1.205	1.189	1.203	1.289	1.238	1.330	1.274	1.210	1.189	1.198	1.207	1.207	1.208	1.201	1.210	1.301	1.247	1.334	0.089	0.117	0.126	0.148	0.148	0.147	0.146	0.142	0.153	0.118	1.243	1.318	0.113	0.121	0.122	0.119	0.122	0.123	0.124	0.123	0.120	0.121	0.126	0.116	0.100	0.116	0.115	0.113	0.112	0.113	0.084	0.088	0.089	0.106	0.114	0.095
21:15:04	24.1	1.245	1.156	1.147	1.171	1.188	1.197	1.159	1.182	1.145	1.259	1.121	1.145	1.247	1.163	1.107	0.579	0.632	0.582	0.666	0.264	0.670	1.214	1.156	1.176	0.089	0.106	0.113	0.121	0.132	0.138	0.139	0.137	0.144	0.117	1.157	1.199	0.139	0.265	0.502	1.221	1.205	1.211	1.212	1.193	1.208	1.296	1.244	1.337	1.280	1.214	1.196	1.207	1.215	1.216	1.213	1.207	1.215	1.307	1.254	1.339	0.089	0.117	0.127	0.150	0.149	0.148	0.146	0.142	0.152	0.119	1.250	1.325	0.116	0.123	0.124	0.121	0.124	0.125	0.125	0.125	0.121	0.123	0.126	0.115	0.102	0.119	0.118	0.115	0.113	0.115	0.084	0.089	0.089	0.108	0.116	0.095
21:30:04	24.1	1.248	1.161	1.154	1.178	1.196	1.202	1.169	1.190	1.153	1.268	1.128	1.151	1.252	1.172	1.111	0.575	0.628	0.578	0.671	0.265	0.674	1.221	1.165	1.184	0.089	0.108	0.113	0.120	0.132	0.139	0.140	0.138	0.146	0.117	1.167	1.209	0.141	0.270	0.500	1.225	1.209	1.216	1.215	1.201	1.212	1.302	1.250	1.346	1.288	1.220	1.202	1.210	1.220	1.219	1.218	1.214	1.220	1.314	1.260	1.348	0.089	0.118	0.128	0.151	0.150	0.149	0.147	0.142	0.153	0.118	1.256	1.331	0.115	0.124	0.123	0.120	0.123	0.125	0.123	0.123	0.120	0.121	0.125	0.114	0.100	0.118	0.118	0.116	0.114	0.115	0.084	0.089	0.089	0.106	0.113	0.094
21:45:04	24.1	1.258	1.172	1.161	1.186	1.206	1.210	1.176	1.200	1.156	1.279	1.131	1.155	1.262	1.180	1.120	0.574	0.625	0.577	0.674	0.265	0.681	1.231	1.171	1.188	0.089	0.107	0.112	0.120	0.131	0.138	0.139	0.137	0.144	0.117	1.174	1.218	0.142	0.275	0.499	1.228	1.212	1.220	1.221	1.203	1.219	1.307	1.254	1.347	1.292	1.225	1.208	1.214	1.225	1.223	1.221	1.218	1.226	1.318	1.264	1.351	0.089	0.118	0.128	0.150	0.149	0.147	0.146	0.141	0.151	0.118	1.260	1.335	0.114	0.123	0.123	0.122	0.123	0.124	0.124	0.124	0.121	0.122	0.126	0.114	0.100	0.118	0.117	0.115	0.113	0.113	0.084	0.089	0.089	0.108	0.117	0.095
22:00:04	24.1	1.264	1.181	1.174	1.194	1.213	1.218	1.185	1.208	1.170	1.288	1.143	1.158	1.272	1.187	1.127	0.576	0.626	0.575	0.684	0.272	0.689	1.241	1.182	1.197	0.089	0.107	0.114	0.121	0.132	0.139	0.140	0.138	0.146	0.119	1.184	1.225	0.144	0.282	0.501	1.236	1.219	1.225	1.225	1.211	1.224	1.315	1.264	1.356	1.301	1.230	1.214	1.221	1.231	1.229	1.227	1.223	1.231	1.328	1.274	1.361	0.089	0.118	0.128	0.150	0.149	0.149	0.147	0.144	0.154	0.120	1.270	1.348	0.115	0.123	0.123	0.121	0.124	0.125	0.124	0.125	0.122	0.122	0.127	0.117	0.100	0.118	0.118	0.117	0.116	0.118	0.084	0.089	0.089	0.107	0.115	0.095
22:15:03	24.1	1.269	1.187	1.181	1.204	1.220	1.226	1.194	1.216	1.173	1.294	1.143	1.162	1.277	1.193	1.132	0.573	0.624	0.575	0.686	0.269	0.688	1.250	1.186	1.201	0.089	0.107	0.113	0.119	0.130	0.138	0.138	0.136	0.143	0.117	1.188	1.231	0.145	0.291	0.498	1.239	1.222	1.228	1.228	1.213	1.225	1.318	1.266	1.360	1.309	1.235	1.216	1.225	1.233	1.232	1.232	1.227	1.234	1.331	1.276	1.362	0.089	0.118	0.127	0.149	0.147	0.146	0.144	0.142	0.152	0.119	1.273	1.349	0.113	0.122	0.123	0.121	0.123	0.123	0.122	0.123	0.121	0.123	0.127	0.115	0.100	0.117	0.116	0.114	0.112	0.113	0.083	0.089	0.089	0.110	0.119	0.097
22:30:03	24.1	1.276	1.202	1.190	1.210	1.231	1.235	1.200	1.225	1.184	1.303	1.150	1.169	1.288	1.202	1.140	0.576	0.624	0.574	0.691	0.273	0.695	1.258	1.193	1.205	0.089	0.105	0.113	0.120	0.131	0.138	0.138	0.137	0.144	0.118	1.196	1.236	0.147	0.302	0.497	1.244	1.227	1.233	1.234	1.219	1.231	1.326	1.272	1.367	1.313	1.239	1.222	1.230	1.238	1.237	1.237	1.234	1.241	1.338	1.282	1.371	0.089	0.117	0.128	0.149	0.148	0.147	0.145	0.143	0.153	0.120	1.278	1.356	0.116	0.125	0.124	0.122	0.124	0.125	0.126	0.125	0.121	0.123	0.127	0.116	0.104	0.121	0.120	0.117	0.115	0.117	0.083	0.088	0.089	0.109	0.118	0.097
22:45:03	24.1	1.282	1.203	1.199	1.220	1.236	1.244	1.214	1.233	1.193	1.311	1.155	1.175	1.294	1.206	1.144	0.576	0.625	0.575	0.699	0.276	0.698	1.266	1.200	1.212	0.089	0.106	0.113	0.120	0.130	0.137	0.138	0.137	0.145	0.118	1.204	1.240	0.146	0.311	0.497	1.250	1.232	1.238	1.239	1.223	1.236	1.332	1.280	1.373	1.320	1.248	1.228	1.233	1.244	1.242	1.242	1.236	1.246	1.345	1.289	1.376	0.089	0.118	0.128	0.150	0.149	0.148	0.146	0.143	0.153	0.119	1.285	1.363	0.114	0.124	0.124	0.122	0.124	0.125	0.125	0.124	0.121	0.122	0.127	0.116	0.099	0.118	0.119	0.116	0.113	0.114	0.084	0.089	0.089	0.107	0.115	0.096
23:00:03	24.2	1.288	1.220	1.209	1.228	1.244	1.251	1.221	1.244	1.201	1.321	1.162	1.174	1.304	1.209	1.149	0.578	0.624	0.575	0.703	0.279	0.701	1.275	1.209	1.218	0.089	0.108	0.114	0.120	0.132	0.139	0.140	0.137	0.146	0.120	1.212	1.242	0.147	0.324	0.495	1.255	1.236	1.241	1.243	1.228	1.240	1.339	1.287	1.379	1.326	1.252	1.233	1.238	1.247	1.246	1.247	1.242	1.252	1.350	1.296	1.382	0.089	0.119	0.128	0.151	0.150	0.149	0.147	0.144	0.154	0.119	1.291	1.369	0.115	0.123	0.123	0.121	0.124	0.126	0.125	0.125	0.121	0.123	0.127	0.117	0.100	0.117	0.117	0.116	0.114	0.117	0.084	0.089	0.089	0.108	0.116	0.095
23:15:03	24.2	1.294	1.225	1.214	1.237	1.255	1.261	1.228	1.247	1.206	1.328	1.162	1.179	1.309	1.216	1.154	0.577	0.623	0.575	0.707	0.281	0.705	1.281	1.210	1.221	0.089	0.106	0.113	0.120	0.131	0.137	0.138	0.137	0.145	0.116	1.215	1.246	0.145	0.334	0.495	1.258	1.239	1.246	1.247	1.230	1.243	1.341	1.287	1.380	1.329	1.257	1.235	1.243	1.250	1.248	1.251	1.245	1.256	1.353	1.297	1.384	0.089	0.118	0.127	0.149	0.148	0.147	0.145	0.142	0.152	0.118	1.293	1.371	0.114	0.123	0.122	0.120	0.122	0.123	0.123	0.123	0.120	0.121	0.125	0.113	0.099	0.116	0.116	0.114	0.113	0.113	0.084	0.089	0.089	0.106	0.113	0.094
23:30:03	24.2	1.301	1.232	1.224	1.246	1.262	1.267	1.234	1.257	1.217	1.340	1.168	1.183	1.318	1.221	1.163	0.578	0.623	0.575	0.716	0.286	0.709	1.288	1.217	1.227	0.089	0.106	0.112	0.120	0.131	0.138	0.138	0.136	0.144	0.118	1.221	1.249	0.145	0.342	0.493	1.261	1.245	1.251	1.250	1.235	1.248	1.348	1.292	1.387	1.334	1.260	1.242	1.247	1.258	1.255	1.258	1.249	1.258	1.360	1.302	1.390	0.089	0.117	0.127	0.149	0.149	0.147	0.145	0.142	0.151	0.119	1.298	1.377	0.114	0.123	0.123	0.121	0.124	0.124	0.124	0.123	0.121	0.123	0.126	0.115	0.099	0.118	0.118	0.115	0.112	0.112	0.083	0.088	0.089	0.108	0.118	0.096
23:45:03	24.2	1.306	1.244	1.233	1.252	1.267	1.274	1.240	1.267	1.227	1.348	1.175	1.190	1.325	1.228	1.167	0.579	0.622	0.576	0.721	0.287	0.719	1.298	1.224	1.232	0.089	0.106	0.112	0.120	0.131	0.137	0.139	0.137	0.145	0.118	1.228	1.252	0.143	0.351	0.493	1.265	1.248	1.256	1.256	1.241	1.252	1.354	1.298	1.394	1.340	1.264	1.247	1.252	1.263	1.259	1.262	1.256	1.265	1.366	1.309	1.397	0.089	0.117	0.127	0.150	0.149	0.148	0.146	0.143	0.154	0.120	1.305	1.380	0.113	0.123	0.123	0.121	0.124	0.125	0.125	0.125	0.122	0.124	0.128	0.117	0.099	0.117	0.117	0.114	0.112	0.113	0.083	0.089	0.089	0.111	0.121	0.097
0:00:00																																																																																																	

Results
	1	2	3	4	5	6	7	8	9	10	11	12
A	3.303	3.082	3.013	3.223	3.217	3.291	2.926	3.154	3.101	3.233	4.579	2.956	Max V [Read:600]
	0.999	0.999	0.999	1.000	1.000	0.999	1.000	1.000	1.000	0.999	1.000	1.000	R-Squared [Read:600]
	6:00:02	6:00:02	6:00:02	6:00:02	6:00:02	6:00:02	6:00:02	6:00:02	6:00:02	6:30:02	5:00:02	3:45:02	t at Max V [Read:600]
	3:48:39	3:51:53	3:52:04	3:47:15	3:51:37	4:01:26	4:01:40	3:57:07	3:57:38	4:02:38	2:31:09	1:43:07	Lagtime [Read:600]
B	3.293	3.604	3.751	2.461	2.757	2.411	1.627	0.462	2.600	3.209	3.619	2.915	Max V [Read:600]
	0.999	1.000	0.997	0.998	0.997	1.000	0.999	0.977	0.994	0.999	1.000	1.000	R-Squared [Read:600]
	6:00:02	6:00:02	6:00:02	8:15:03	8:15:03	8:15:03	14:15:03	16:00:03	14:30:03	6:00:02	4:30:03	3:45:02	t at Max V [Read:600]
	3:50:43	3:50:14	4:01:55	5:55:05	5:51:33	6:00:28	11:36:51	11:45:49	12:26:59	4:00:59	2:32:44	1:32:43	Lagtime [Read:600]
C	-0.005	0.257	0.355	0.362	0.344	0.369	0.403	0.375	0.359	0.411	3.355	3.555	Max V [Read:600]
	0.721	0.937	0.923	0.896	0.925	0.949	0.923	0.926	0.947	0.897	1.000	0.997	R-Squared [Read:600]
	0:30:03	0:30:03	0:30:03	0:30:03	0:30:03	0:30:03	0:30:03	0:30:03	0:30:03	0:30:03	4:00:02	4:00:02	t at Max V [Read:600]
	?????	0:07:22	0:04:40	0:03:12	?????	?????	0:00:09	0:01:42	?????	0:04:29	2:32:35	2:22:34	Lagtime [Read:600]
D	-2.310	2.550	3.286	4.475	5.561	5.656	5.719	5.818	4.740	5.101	4.417	4.585	Max V [Read:600]
	0.981	0.998	0.996	0.994	0.999	0.999	0.990	0.999	0.997	0.997	0.999	0.998	R-Squared [Read:600]
	10:45:03	9:45:03	10:00:02	5:30:02	5:30:02	5:30:02	6:00:02	5:30:02	6:00:02	6:00:02	5:00:02	3:15:02	t at Max V [Read:600]
	11:48:47	8:27:30	8:49:57	4:05:19	4:11:08	4:13:04	4:24:17	4:16:21	4:22:11	4:23:01	3:11:29	1:54:50	Lagtime [Read:600]
E	4.019	3.590	3.409	3.431	3.317	3.730	3.709	3.864	4.323	6.245	4.233	5.316	Max V [Read:600]
	0.981	0.994	0.999	0.992	0.999	0.986	0.988	0.999	0.997	1.000	1.000	0.993	R-Squared [Read:600]
	7:30:02	7:45:02	5:45:02	7:45:02	5:45:02	7:45:02	7:45:02	7:15:02	6:15:02	6:30:02	4:45:02	3:30:03	t at Max V [Read:600]
	4:46:27	4:37:39	4:04:04	4:28:15	4:03:25	4:45:13	4:45:32	4:39:37	4:26:27	4:55:07	3:06:46	2:02:46	Lagtime [Read:600]
F	-0.003	0.437	0.492	0.507	0.446	0.431	0.409	0.403	0.423	0.448	4.149	5.041	Max V [Read:600]
	0.521	0.892	0.889	0.915	0.942	0.921	0.913	0.925	0.914	0.919	1.000	0.998	R-Squared [Read:600]
	0:30:03	0:30:03	0:30:03	0:30:03	0:30:03	0:30:03	0:30:03	0:30:03	0:30:03	0:30:03	4:00:02	4:15:02	t at Max V [Read:600]
	?????	0:03:40	0:02:56	?????	?????	?????	?????	?????	?????	0:05:08	2:50:24	3:02:57	Lagtime [Read:600]
G	0.459	0.554	0.492	0.481	0.503	0.523	0.581	0.570	0.499	0.541	0.665	0.445	Max V [Read:600]
	0.920	0.878	0.903	0.931	0.918	0.903	0.930	0.941	0.916	0.891	0.904	0.934	R-Squared [Read:600]
	0:30:03	0:30:03	0:30:03	0:30:03	0:30:03	0:30:03	0:30:03	0:30:03	0:30:03	0:30:03	0:30:03	0:45:03	t at Max V [Read:600]
	0:05:04	0:03:16	0:04:16	0:04:55	0:04:23	0:03:59	0:04:52	0:05:40	0:04:30	0:03:54	0:04:10	0:09:07	Lagtime [Read:600]
H	0.265	0.480	0.431	0.424	0.429	0.487	0.017	-0.005	-0.005	0.353	0.465	0.128	Max V [Read:600]
	0.856	0.938	0.938	0.962	0.973	0.963	0.903	0.721	0.721	0.932	0.933	0.912	R-Squared [Read:600]
	0:45:03	0:30:03	0:45:03	0:45:03	0:45:03	0:45:03	2:15:02	0:30:03	0:30:03	0:45:03	0:45:03	0:45:03	t at Max V [Read:600]
	0:19:34	0:06:45	0:11:42	0:16:13	0:16:21	0:15:59	1:35:26	?????	?????	0:18:23	0:11:10	0:24:53	Lagtime [Read:600]

